3.3644e+01 1.0000e-02 1.0737e+03
3.3644e+01 2.0204e-02 1.0954e+03
3.3644e+01 3.0408e-02 1.1192e+03
3.3644e+01 4.0612e-02 1.1454e+03
3.3644e+01 5.0816e-02 1.1743e+03
3.3644e+01 6.1020e-02 1.2061e+03
3.3644e+01 7.1224e-02 1.2411e+03
3.3644e+01 8.1429e-02 1.2794e+03
3.3644e+01 9.1633e-02 1.3213e+03
3.3644e+01 1.0184e-01 1.3671e+03
3.3644e+01 1.1204e-01 1.4170e+03
3.3644e+01 1.2224e-01 1.4713e+03
3.3644e+01 1.3245e-01 1.5301e+03
3.3644e+01 1.4265e-01 1.5938e+03
3.3644e+01 1.5286e-01 1.6625e+03
3.3644e+01 1.6306e-01 1.7365e+03
3.3644e+01 1.7327e-01 1.8161e+03
3.3644e+01 1.8347e-01 1.9014e+03
3.3644e+01 1.9367e-01 1.9928e+03
3.3644e+01 2.0388e-01 2.0905e+03
3.3644e+01 2.1408e-01 2.1946e+03
3.3644e+01 2.2429e-01 2.3055e+03
3.3644e+01 2.3449e-01 2.4234e+03
3.3644e+01 2.4469e-01 2.5485e+03
3.3644e+01 2.5490e-01 2.6811e+03
3.3644e+01 2.6510e-01 2.8214e+03
3.3644e+01 2.7531e-01 2.9696e+03
3.3644e+01 2.8551e-01 3.1261e+03
3.3644e+01 2.9571e-01 3.2909e+03
3.3644e+01 3.0592e-01 3.4645e+03
3.3644e+01 3.1612e-01 3.6469e+03
3.3644e+01 3.2633e-01 3.8385e+03
3.3644e+01 3.3653e-01 4.0395e+03
3.3644e+01 3.4673e-01 4.2501e+03
3.3644e+01 3.5694e-01 4.4706e+03
3.3644e+01 3.6714e-01 4.7012e+03
3.3644e+01 3.7735e-01 4.9421e+03
3.3644e+01 3.8755e-01 5.1936e+03
3.3644e+01 3.9776e-01 5.4560e+03
3.3644e+01 4.0796e-01 5.7295e+03
3.3644e+01 4.1816e-01 6.0142e+03
3.3644e+01 4.2837e-01 6.3106e+03
3.3644e+01 4.3857e-01 6.6187e+03
3.3644e+01 4.4878e-01 6.9388e+03
3.3644e+01 4.5898e-01 7.2713e+03
3.3644e+01 4.6918e-01 7.6162e+03
3.3644e+01 4.7939e-01 7.9739e+03
3.3644e+01 4.8959e-01 8.3446e+03
3.3644e+01 4.9980e-01 8.7285e+03
3.3644e+01 5.1000e-01 9.1260e+03
3.2033e+01 1.0000e-02 1.0294e+03
3.2033e+01 2.0204e-02 1.0209e+03
3.2033e+01 3.0408e-02 1.0151e+03
3.2033e+01 4.0612e-02 1.0124e+03
3.2033e+01 5.0816e-02 1.0127e+03
3.2033e+01 6.1020e-02 1.0162e+03
3.2033e+01 7.1224e-02 1.0232e+03
3.2033e+01 8.1429e-02 1.0336e+03
3.2033e+01 9.1633e-02 1.0477e+03
3.2033e+01 1.0184e-01 1.0655e+03
3.2033e+01 1.1204e-01 1.0873e+03
3.2033e+01 1.2224e-01 1.1131e+03
3.2033e+01 1.3245e-01 1.1431e+03
3.2033e+01 1.4265e-01 1.1774e+03
3.2033e+01 1.5286e-01 1.2162e+03
3.2033e+01 1.6306e-01 1.2595e+03
3.2033e+01 1.7327e-01 1.3076e+03
3.2033e+01 1.8347e-01 1.3605e+03
3.2033e+01 1.9367e-01 1.4184e+03
3.2033e+01 2.0388e-01 1.4815e+03
3.2033e+01 2.1408e-01 1.5498e+03
3.2033e+01 2.2429e-01 1.6235e+03
3.2033e+01 2.3449e-01 1.7027e+03
3.2033e+01 2.4469e-01 1.7876e+03
3.2033e+01 2.5490e-01 1.8783e+03
3.2033e+01 2.6510e-01 1.9750e+03
3.2033e+01 2.7531e-01 2.0777e+03
3.2033e+01 2.8551e-01 2.1866e+03
3.2033e+01 2.9571e-01 2.3019e+03
3.2033e+01 3.0592e-01 2.4236e+03
3.2033e+01 3.1612e-01 2.5519e+03
3.2033e+01 3.2633e-01 2.6870e+03
3.2033e+01 3.3653e-01 2.8290e+03
3.2033e+01 3.4673e-01 2.9780e+03
3.2033e+01 3.5694e-01 3.1342e+03
3.2033e+01 3.6714e-01 3.2976e+03
3.2033e+01 3.7735e-01 3.4685e+03
3.2033e+01 3.8755e-01 3.6469e+03
3.2033e+01 3.9776e-01 3.8330e+03
3.2033e+01 4.0796e-01 4.0270e+03
3.2033e+01 4.1816e-01 4.2289e+03
3.2033e+01 4.2837e-01 4.4389e+03
3.2033e+01 4.3857e-01 4.6571e+03
3.2033e+01 4.4878e-01 4.8837e+03
3.2033e+01 4.5898e-01 5.1188e+03
3.2033e+01 4.6918e-01 5.3626e+03
3.2033e+01 4.7939e-01 5.6151e+03
3.2033e+01 4.8959e-01 5.8765e+03
3.2033e+01 4.9980e-01 6.1470e+03
3.2033e+01 5.1000e-01 6.4266e+03
3.0565e+01 1.0000e-02 9.7722e+02
3.0565e+01 2.0204e-02 9.3933e+02
3.0565e+01 3.0408e-02 9.0597e+02
3.0565e+01 4.0612e-02 8.7713e+02
3.0565e+01 5.0816e-02 8.5282e+02
3.0565e+01 6.1020e-02 8.3307e+02
3.0565e+01 7.1224e-02 8.1787e+02
3.0565e+01 8.1429e-02 8.0723e+02
3.0565e+01 9.1633e-02 8.0117e+02
3.0565e+01 1.0184e-01 7.9969e+02
3.0565e+01 1.1204e-01 8.0280e+02
3.0565e+01 1.2224e-01 8.1051e+02
3.0565e+01 1.3245e-01 8.2284e+02
3.0565e+01 1.4265e-01 8.3978e+02
3.0565e+01 1.5286e-01 8.6135e+02
3.0565e+01 1.6306e-01 8.8756e+02
3.0565e+01 1.7327e-01 9.1841e+02
3.0565e+01 1.8347e-01 9.5392e+02
3.0565e+01 1.9367e-01 9.9409e+02
3.0565e+01 2.0388e-01 1.0389e+03
3.0565e+01 2.1408e-01 1.0885e+03
3.0565e+01 2.2429e-01 1.1427e+03
3.0565e+01 2.3449e-01 1.2016e+03
3.0565e+01 2.4469e-01 1.2652e+03
3.0565e+01 2.5490e-01 1.3336e+03
3.0565e+01 2.6510e-01 1.4067e+03
3.0565e+01 2.7531e-01 1.4845e+03
3.0565e+01 2.8551e-01 1.5671e+03
3.0565e+01 2.9571e-01 1.6544e+03
3.0565e+01 3.0592e-01 1.7465e+03
3.0565e+01 3.1612e-01 1.8433e+03
3.0565e+01 3.2633e-01 1.9450e+03
3.0565e+01 3.3653e-01 2.0514e+03
3.0565e+01 3.4673e-01 2.1626e+03
3.0565e+01 3.5694e-01 2.2787e+03
3.0565e+01 3.6714e-01 2.3995e+03
3.0565e+01 3.7735e-01 2.5252e+03
3.0565e+01 3.8755e-01 2.6557e+03
3.0565e+01 3.9776e-01 2.7911e+03
3.0565e+01 4.0796e-01 2.9313e+03
3.0565e+01 4.1816e-01 3.0764e+03
3.0565e+01 4.2837e-01 3.2264e+03
3.0565e+01 4.3857e-01 3.3813e+03
3.0565e+01 4.4878e-01 3.5410e+03
3.0565e+01 4.5898e-01 3.7056e+03
3.0565e+01 4.6918e-01 3.8752e+03
3.0565e+01 4.7939e-01 4.0497e+03
3.0565e+01 4.8959e-01 4.2291e+03
3.0565e+01 4.9980e-01 4.4134e+03
3.0565e+01 5.1000e-01 4.6027e+03
2.9221e+01 1.0000e-02 9.5424e+02
2.9221e+01 2.0204e-02 9.0276e+02
2.9221e+01 3.0408e-02 8.5606e+02
2.9221e+01 4.0612e-02 8.1409e+02
2.9221e+01 5.0816e-02 7.7681e+02
2.9221e+01 6.1020e-02 7.4418e+02
2.9221e+01 7.1224e-02 7.1615e+02
2.9221e+01 8.1429e-02 6.9268e+02
2.9221e+01 9.1633e-02 6.7373e+02
2.9221e+01 1.0184e-01 6.5925e+02
2.9221e+01 1.1204e-01 6.4920e+02
2.9221e+01 1.2224e-01 6.4353e+02
2.9221e+01 1.3245e-01 6.4222e+02
2.9221e+01 1.4265e-01 6.4520e+02
2.9221e+01 1.5286e-01 6.5244e+02
2.9221e+01 1.6306e-01 6.6389e+02
2.9221e+01 1.7327e-01 6.7952e+02
2.9221e+01 1.8347e-01 6.9928e+02
2.9221e+01 1.9367e-01 7.2312e+02
2.9221e+01 2.0388e-01 7.5100e+02
2.9221e+01 2.1408e-01 7.8288e+02
2.9221e+01 2.2429e-01 8.1872e+02
2.9221e+01 2.3449e-01 8.5846e+02
2.9221e+01 2.4469e-01 9.0208e+02
2.9221e+01 2.5490e-01 9.4953e+02
2.9221e+01 2.6510e-01 1.0008e+03
2.9221e+01 2.7531e-01 1.0557e+03
2.9221e+01 2.8551e-01 1.1144e+03
2.9221e+01 2.9571e-01 1.1767e+03
2.9221e+01 3.0592e-01 1.2426e+03
2.9221e+01 3.1612e-01 1.3121e+03
2.9221e+01 3.2633e-01 1.3851e+03
2.9221e+01 3.3653e-01 1.4616e+03
2.9221e+01 3.4673e-01 1.5416e+03
2.9221e+01 3.5694e-01 1.6249e+03
2.9221e+01 3.6714e-01 1.7116e+03
2.9221e+01 3.7735e-01 1.8016e+03
2.9221e+01 3.8755e-01 1.8948e+03
2.9221e+01 3.9776e-01 1.9913e+03
2.9221e+01 4.0796e-01 2.0910e+03
2.9221e+01 4.1816e-01 2.1938e+03
2.9221e+01 4.2837e-01 2.2997e+03
2.9221e+01 4.3857e-01 2.4086e+03
2.9221e+01 4.4878e-01 2.5205e+03
2.9221e+01 4.5898e-01 2.6354e+03
2.9221e+01 4.6918e-01 2.7532e+03
2.9221e+01 4.7939e-01 2.8739e+03
2.9221e+01 4.8959e-01 2.9975e+03
2.9221e+01 4.9980e-01 3.1238e+03
2.9221e+01 5.1000e-01 3.2529e+03
2.7988e+01 1.0000e-02 9.3798e+02
2.7988e+01 2.0204e-02 8.7470e+02
2.7988e+01 3.0408e-02 8.1663e+02
2.7988e+01 4.0612e-02 7.6366e+02
2.7988e+01 5.0816e-02 7.1573e+02
2.7988e+01 6.1020e-02 6.7272e+02
2.7988e+01 7.1224e-02 6.3455e+02
2.7988e+01 8.1429e-02 6.0113e+02
2.7988e+01 9.1633e-02 5.7237e+02
2.7988e+01 1.0184e-01 5.4817e+02
2.7988e+01 1.1204e-01 5.2845e+02
2.7988e+01 1.2224e-01 5.1311e+02
2.7988e+01 1.3245e-01 5.0206e+02
2.7988e+01 1.4265e-01 4.9520e+02
2.7988e+01 1.5286e-01 4.9246e+02
2.7988e+01 1.6306e-01 4.9373e+02
2.7988e+01 1.7327e-01 4.9893e+02
2.7988e+01 1.8347e-01 5.0796e+02
2.7988e+01 1.9367e-01 5.2074e+02
2.7988e+01 2.0388e-01 5.3716e+02
2.7988e+01 2.1408e-01 5.5715e+02
2.7988e+01 2.2429e-01 5.8060e+02
2.7988e+01 2.3449e-01 6.0743e+02
2.7988e+01 2.4469e-01 6.3754e+02
2.7988e+01 2.5490e-01 6.7084e+02
2.7988e+01 2.6510e-01 7.0725e+02
2.7988e+01 2.7531e-01 7.4667e+02
2.7988e+01 2.8551e-01 7.8901e+02
2.7988e+01 2.9571e-01 8.3417e+02
2.7988e+01 3.0592e-01 8.8207e+02
2.7988e+01 3.1612e-01 9.3261e+02
2.7988e+01 3.2633e-01 9.8571e+02
2.7988e+01 3.3653e-01 1.0413e+03
2.7988e+01 3.4673e-01 1.0992e+03
2.7988e+01 3.5694e-01 1.1594e+03
2.7988e+01 3.6714e-01 1.2218e+03
2.7988e+01 3.7735e-01 1.2863e+03
2.7988e+01 3.8755e-01 1.3528e+03
2.7988e+01 3.9776e-01 1.4212e+03
2.7988e+01 4.0796e-01 1.4914e+03
2.7988e+01 4.1816e-01 1.5634e+03
2.7988e+01 4.2837e-01 1.6370e+03
2.7988e+01 4.3857e-01 1.7121e+03
2.7988e+01 4.4878e-01 1.7887e+03
2.7988e+01 4.5898e-01 1.8667e+03
2.7988e+01 4.6918e-01 1.9459e+03
2.7988e+01 4.7939e-01 2.0263e+03
2.7988e+01 4.8959e-01 2.1078e+03
2.7988e+01 4.9980e-01 2.1903e+03
2.7988e+01 5.1000e-01 2.2737e+03
2.6315e+01 1.0000e-02 6.3365e+02
2.6315e+01 2.0204e-02 5.9567e+02
2.6315e+01 3.0408e-02 5.6074e+02
2.6315e+01 4.0612e-02 5.2883e+02
2.6315e+01 5.0816e-02 4.9990e+02
2.6315e+01 6.1020e-02 4.7390e+02
2.6315e+01 7.1224e-02 4.5080e+02
2.6315e+01 8.1429e-02 4.3055e+02
2.6315e+01 9.1633e-02 4.1312e+02
2.6315e+01 1.0184e-01 3.9847e+02
2.6315e+01 1.1204e-01 3.8656e+02
2.6315e+01 1.2224e-01 3.7735e+02
2.6315e+01 1.3245e-01 3.7079e+02
2.6315e+01 1.4265e-01 3.6686e+02
2.6315e+01 1.5286e-01 3.6550e+02
2.6315e+01 1.6306e-01 3.6669e+02
2.6315e+01 1.7327e-01 3.7038e+02
2.6315e+01 1.8347e-01 3.7653e+02
2.6315e+01 1.9367e-01 3.8510e+02
2.6315e+01 2.0388e-01 3.9605e+02
2.6315e+01 2.1408e-01 4.0935e+02
2.6315e+01 2.2429e-01 4.2495e+02
2.6315e+01 2.3449e-01 4.4282e+02
2.6315e+01 2.4469e-01 4.6291e+02
2.6315e+01 2.5490e-01 4.8518e+02
2.6315e+01 2.6510e-01 5.0960e+02
2.6315e+01 2.7531e-01 5.3613e+02
2.6315e+01 2.8551e-01 5.6472e+02
2.6315e+01 2.9571e-01 5.9534e+02
2.6315e+01 3.0592e-01 6.2794e+02
2.6315e+01 3.1612e-01 6.6250e+02
2.6315e+01 3.2633e-01 6.9896e+02
2.6315e+01 3.3653e-01 7.3729e+02
2.6315e+01 3.4673e-01 7.7745e+02
2.6315e+01 3.5694e-01 8.1940e+02
2.6315e+01 3.6714e-01 8.6310e+02
2.6315e+01 3.7735e-01 9.0851e+02
2.6315e+01 3.8755e-01 9.5559e+02
2.6315e+01 3.9776e-01 1.0043e+03
2.6315e+01 4.0796e-01 1.0546e+03
2.6315e+01 4.1816e-01 1.1065e+03
2.6315e+01 4.2837e-01 1.1598e+03
2.6315e+01 4.3857e-01 1.2147e+03
2.6315e+01 4.4878e-01 1.2710e+03
2.6315e+01 4.5898e-01 1.3286e+03
2.6315e+01 4.6918e-01 1.3877e+03
2.6315e+01 4.7939e-01 1.4480e+03
2.6315e+01 4.8959e-01 1.5096e+03
2.6315e+01 4.9980e-01 1.5725e+03
2.6315e+01 5.1000e-01 1.6365e+03
2.5304e+01 1.0000e-02 4.6246e+02
2.5304e+01 2.0204e-02 4.2687e+02
2.5304e+01 3.0408e-02 3.9440e+02
2.5304e+01 4.0612e-02 3.6497e+02
2.5304e+01 5.0816e-02 3.3854e+02
2.5304e+01 6.1020e-02 3.1501e+02
2.5304e+01 7.1224e-02 2.9434e+02
2.5304e+01 8.1429e-02 2.7644e+02
2.5304e+01 9.1633e-02 2.6126e+02
2.5304e+01 1.0184e-01 2.4872e+02
2.5304e+01 1.1204e-01 2.3875e+02
2.5304e+01 1.2224e-01 2.3129e+02
2.5304e+01 1.3245e-01 2.2628e+02
2.5304e+01 1.4265e-01 2.2363e+02
2.5304e+01 1.5286e-01 2.2329e+02
2.5304e+01 1.6306e-01 2.2519e+02
2.5304e+01 1.7327e-01 2.2925e+02
2.5304e+01 1.8347e-01 2.3542e+02
2.5304e+01 1.9367e-01 2.4362e+02
2.5304e+01 2.0388e-01 2.5378e+02
2.5304e+01 2.1408e-01 2.6584e+02
2.5304e+01 2.2429e-01 2.7973e+02
2.5304e+01 2.3449e-01 2.9538e+02
2.5304e+01 2.4469e-01 3.1273e+02
2.5304e+01 2.5490e-01 3.3170e+02
2.5304e+01 2.6510e-01 3.5222e+02
2.5304e+01 2.7531e-01 3.7424e+02
2.5304e+01 2.8551e-01 3.9768e+02
2.5304e+01 2.9571e-01 4.2247e+02
2.5304e+01 3.0592e-01 4.4855e+02
2.5304e+01 3.1612e-01 4.7585e+02
2.5304e+01 3.2633e-01 5.0430e+02
2.5304e+01 3.3653e-01 5.3383e+02
2.5304e+01 3.4673e-01 5.6438e+02
2.5304e+01 3.5694e-01 5.9587e+02
2.5304e+01 3.6714e-01 6.2825e+02
2.5304e+01 3.7735e-01 6.6143e+02
2.5304e+01 3.8755e-01 6.9536e+02
2.5304e+01 3.9776e-01 7.2996e+02
2.5304e+01 4.0796e-01 7.6517e+02
2.5304e+01 4.1816e-01 8.0092e+02
2.5304e+01 4.2837e-01 8.3714e+02
2.5304e+01 4.3857e-01 8.7377e+02
2.5304e+01 4.4878e-01 9.1073e+02
2.5304e+01 4.5898e-01 9.4796e+02
2.5304e+01 4.6918e-01 9.8539e+02
2.5304e+01 4.7939e-01 1.0230e+03
2.5304e+01 4.8959e-01 1.0606e+03
2.5304e+01 4.9980e-01 1.0982e+03
2.5304e+01 5.1000e-01 1.1358e+03
2.3919e+01 1.0000e-02 3.4897e+02
2.3919e+01 2.0204e-02 3.2240e+02
2.3919e+01 3.0408e-02 2.9812e+02
2.3919e+01 4.0612e-02 2.7609e+02
2.3919e+01 5.0816e-02 2.5625e+02
2.3919e+01 6.1020e-02 2.3855e+02
2.3919e+01 7.1224e-02 2.2295e+02
2.3919e+01 8.1429e-02 2.0939e+02
2.3919e+01 9.1633e-02 1.9782e+02
2.3919e+01 1.0184e-01 1.8819e+02
2.3919e+01 1.1204e-01 1.8045e+02
2.3919e+01 1.2224e-01 1.7455e+02
2.3919e+01 1.3245e-01 1.7043e+02
2.3919e+01 1.4265e-01 1.6805e+02
2.3919e+01 1.5286e-01 1.6736e+02
2.3919e+01 1.6306e-01 1.6829e+02
2.3919e+01 1.7327e-01 1.7082e+02
2.3919e+01 1.8347e-01 1.7487e+02
2.3919e+01 1.9367e-01 1.8040e+02
2.3919e+01 2.0388e-01 1.8737e+02
2.3919e+01 2.1408e-01 1.9571e+02
2.3919e+01 2.2429e-01 2.0538e+02
2.3919e+01 2.3449e-01 2.1633e+02
2.3919e+01 2.4469e-01 2.2850e+02
2.3919e+01 2.5490e-01 2.4185e+02
2.3919e+01 2.6510e-01 2.5633e+02
2.3919e+01 2.7531e-01 2.7187e+02
2.3919e+01 2.8551e-01 2.8844e+02
2.3919e+01 2.9571e-01 3.0598e+02
2.3919e+01 3.0592e-01 3.2444e+02
2.3919e+01 3.1612e-01 3.4377e+02
2.3919e+01 3.2633e-01 3.6392e+02
2.3919e+01 3.3653e-01 3.8483e+02
2.3919e+01 3.4673e-01 4.0646e+02
2.3919e+01 3.5694e-01 4.2876e+02
2.3919e+01 3.6714e-01 4.5167e+02
2.3919e+01 3.7735e-01 4.7514e+02
2.3919e+01 3.8755e-01 4.9913e+02
2.3919e+01 3.9776e-01 5.2358e+02
2.3919e+01 4.0796e-01 5.4843e+02
2.3919e+01 4.1816e-01 5.7365e+02
2.3919e+01 4.2837e-01 5.9918e+02
2.3919e+01 4.3857e-01 6.2496e+02
2.3919e+01 4.4878e-01 6.5095e+02
2.3919e+01 4.5898e-01 6.7709e+02
2.3919e+01 4.6918e-01 7.0334e+02
2.3919e+01 4.7939e-01 7.2964e+02
2.3919e+01 4.8959e-01 7.5595e+02
2.3919e+01 4.9980e-01 7.8221e+02
2.3919e+01 5.1000e-01 8.0836e+02
2.2673e+01 1.0000e-02 2.2730e+02
2.2673e+01 2.0204e-02 2.1095e+02
2.2673e+01 3.0408e-02 1.9604e+02
2.2673e+01 4.0612e-02 1.8256e+02
2.2673e+01 5.0816e-02 1.7047e+02
2.2673e+01 6.1020e-02 1.5974e+02
2.2673e+01 7.1224e-02 1.5033e+02
2.2673e+01 8.1429e-02 1.4222e+02
2.2673e+01 9.1633e-02 1.3538e+02
2.2673e+01 1.0184e-01 1.2977e+02
2.2673e+01 1.1204e-01 1.2537e+02
2.2673e+01 1.2224e-01 1.2214e+02
2.2673e+01 1.3245e-01 1.2005e+02
2.2673e+01 1.4265e-01 1.1908e+02
2.2673e+01 1.5286e-01 1.1918e+02
2.2673e+01 1.6306e-01 1.2033e+02
2.2673e+01 1.7327e-01 1.2250e+02
2.2673e+01 1.8347e-01 1.2566e+02
2.2673e+01 1.9367e-01 1.2978e+02
2.2673e+01 2.0388e-01 1.3482e+02
2.2673e+01 2.1408e-01 1.4076e+02
2.2673e+01 2.2429e-01 1.4755e+02
2.2673e+01 2.3449e-01 1.5519e+02
2.2673e+01 2.4469e-01 1.6362e+02
2.2673e+01 2.5490e-01 1.7282e+02
2.2673e+01 2.6510e-01 1.8277e+02
2.2673e+01 2.7531e-01 1.9342e+02
2.2673e+01 2.8551e-01 2.0475e+02
2.2673e+01 2.9571e-01 2.1673e+02
2.2673e+01 3.0592e-01 2.2933e+02
2.2673e+01 3.1612e-01 2.4251e+02
2.2673e+01 3.2633e-01 2.5624e+02
2.2673e+01 3.3653e-01 2.7050e+02
2.2673e+01 3.4673e-01 2.8525e+02
2.2673e+01 3.5694e-01 3.0046e+02
2.2673e+01 3.6714e-01 3.1610e+02
2.2673e+01 3.7735e-01 3.3214e+02
2.2673e+01 3.8755e-01 3.4854e+02
2.2673e+01 3.9776e-01 3.6529e+02
2.2673e+01 4.0796e-01 3.8234e+02
2.2673e+01 4.1816e-01 3.9967e+02
2.2673e+01 4.2837e-01 4.1724e+02
2.2673e+01 4.3857e-01 4.3503e+02
2.2673e+01 4.4878e-01 4.5300e+02
2.2673e+01 4.5898e-01 4.7112e+02
2.2673e+01 4.6918e-01 4.8936e+02
2.2673e+01 4.7939e-01 5.0769e+02
2.2673e+01 4.8959e-01 5.2608e+02
2.2673e+01 4.9980e-01 5.4450e+02
2.2673e+01 5.1000e-01 5.6291e+02
2.1546e+01 1.0000e-02 1.7296e+02
2.1546e+01 2.0204e-02 1.6107e+02
2.1546e+01 3.0408e-02 1.5018e+02
2.1546e+01 4.0612e-02 1.4030e+02
2.1546e+01 5.0816e-02 1.3139e+02
2.1546e+01 6.1020e-02 1.2343e+02
2.1546e+01 7.1224e-02 1.1641e+02
2.1546e+01 8.1429e-02 1.1030e+02
2.1546e+01 9.1633e-02 1.0508e+02
2.1546e+01 1.0184e-01 1.0074e+02
2.1546e+01 1.1204e-01 9.7245e+01
2.1546e+01 1.2224e-01 9.4586e+01
2.1546e+01 1.3245e-01 9.2737e+01
2.1546e+01 1.4265e-01 9.1679e+01
2.1546e+01 1.5286e-01 9.1391e+01
2.1546e+01 1.6306e-01 9.1852e+01
2.1546e+01 1.7327e-01 9.3043e+01
2.1546e+01 1.8347e-01 9.4942e+01
2.1546e+01 1.9367e-01 9.7530e+01
2.1546e+01 2.0388e-01 1.0078e+02
2.1546e+01 2.1408e-01 1.0469e+02
2.1546e+01 2.2429e-01 1.0921e+02
2.1546e+01 2.3449e-01 1.1435e+02
2.1546e+01 2.4469e-01 1.2007e+02
2.1546e+01 2.5490e-01 1.2635e+02
2.1546e+01 2.6510e-01 1.3318e+02
2.1546e+01 2.7531e-01 1.4054e+02
2.1546e+01 2.8551e-01 1.4840e+02
2.1546e+01 2.9571e-01 1.5674e+02
2.1546e+01 3.0592e-01 1.6554e+02
2.1546e+01 3.1612e-01 1.7478e+02
2.1546e+01 3.2633e-01 1.8445e+02
2.1546e+01 3.3653e-01 1.9452e+02
2.1546e+01 3.4673e-01 2.0497e+02
2.1546e+01 3.5694e-01 2.1577e+02
2.1546e+01 3.6714e-01 2.2692e+02
2.1546e+01 3.7735e-01 2.3839e+02
2.1546e+01 3.8755e-01 2.5015e+02
2.1546e+01 3.9776e-01 2.6219e+02
2.1546e+01 4.0796e-01 2.7449e+02
2.1546e+01 4.1816e-01 2.8703e+02
2.1546e+01 4.2837e-01 2.9979e+02
2.1546e+01 4.3857e-01 3.1274e+02
2.1546e+01 4.4878e-01 3.2586e+02
2.1546e+01 4.5898e-01 3.3914e+02
2.1546e+01 4.6918e-01 3.5256e+02
2.1546e+01 4.7939e-01 3.6608e+02
2.1546e+01 4.8959e-01 3.7971e+02
2.1546e+01 4.9980e-01 3.9340e+02
2.1546e+01 5.1000e-01 4.0715e+02
2.0521e+01 1.0000e-02 1.2999e+02
2.0521e+01 2.0204e-02 1.2156e+02
2.0521e+01 3.0408e-02 1.1383e+02
2.0521e+01 4.0612e-02 1.0677e+02
2.0521e+01 5.0816e-02 1.0038e+02
2.0521e+01 6.1020e-02 9.4642e+01
2.0521e+01 7.1224e-02 8.9546e+01
2.0521e+01 8.1429e-02 8.5077e+01
2.0521e+01 9.1633e-02 8.1224e+01
2.0521e+01 1.0184e-01 7.7972e+01
2.0521e+01 1.1204e-01 7.5310e+01
2.0521e+01 1.2224e-01 7.3225e+01
2.0521e+01 1.3245e-01 7.1703e+01
2.0521e+01 1.4265e-01 7.0732e+01
2.0521e+01 1.5286e-01 7.0299e+01
2.0521e+01 1.6306e-01 7.0391e+01
2.0521e+01 1.7327e-01 7.0995e+01
2.0521e+01 1.8347e-01 7.2098e+01
2.0521e+01 1.9367e-01 7.3688e+01
2.0521e+01 2.0388e-01 7.5751e+01
2.0521e+01 2.1408e-01 7.8275e+01
2.0521e+01 2.2429e-01 8.1247e+01
2.0521e+01 2.3449e-01 8.4654e+01
2.0521e+01 2.4469e-01 8.8483e+01
2.0521e+01 2.5490e-01 9.2721e+01
2.0521e+01 2.6510e-01 9.7356e+01
2.0521e+01 2.7531e-01 1.0237e+02
2.0521e+01 2.8551e-01 1.0776e+02
2.0521e+01 2.9571e-01 1.1351e+02
2.0521e+01 3.0592e-01 1.1960e+02
2.0521e+01 3.1612e-01 1.2603e+02
2.0521e+01 3.2633e-01 1.3277e+02
2.0521e+01 3.3653e-01 1.3982e+02
2.0521e+01 3.4673e-01 1.4716e+02
2.0521e+01 3.5694e-01 1.5479e+02
2.0521e+01 3.6714e-01 1.6268e+02
2.0521e+01 3.7735e-01 1.7082e+02
2.0521e+01 3.8755e-01 1.7921e+02
2.0521e+01 3.9776e-01 1.8783e+02
2.0521e+01 4.0796e-01 1.9666e+02
2.0521e+01 4.1816e-01 2.0570e+02
2.0521e+01 4.2837e-01 2.1493e+02
2.0521e+01 4.3857e-01 2.2433e+02
2.0521e+01 4.4878e-01 2.3391e+02
2.0521e+01 4.5898e-01 2.4363e+02
2.0521e+01 4.6918e-01 2.5349e+02
2.0521e+01 4.7939e-01 2.6348e+02
2.0521e+01 4.8959e-01 2.7358e+02
2.0521e+01 4.9980e-01 2.8378e+02
2.0521e+01 5.1000e-01 2.9407e+02
1.9586e+01 1.0000e-02 8.6395e+01
1.9586e+01 2.0204e-02 8.0786e+01
1.9586e+01 3.0408e-02 7.5654e+01
1.9586e+01 4.0612e-02 7.0990e+01
1.9586e+01 5.0816e-02 6.6785e+01
1.9586e+01 6.1020e-02 6.3030e+01
1.9586e+01 7.1224e-02 5.9716e+01
1.9586e+01 8.1429e-02 5.6835e+01
1.9586e+01 9.1633e-02 5.4376e+01
1.9586e+01 1.0184e-01 5.2332e+01
1.9586e+01 1.1204e-01 5.0692e+01
1.9586e+01 1.2224e-01 4.9449e+01
1.9586e+01 1.3245e-01 4.8592e+01
1.9586e+01 1.4265e-01 4.8114e+01
1.9586e+01 1.5286e-01 4.8004e+01
1.9586e+01 1.6306e-01 4.8254e+01
1.9586e+01 1.7327e-01 4.8855e+01
1.9586e+01 1.8347e-01 4.9798e+01
1.9586e+01 1.9367e-01 5.1073e+01
1.9586e+01 2.0388e-01 5.2673e+01
1.9586e+01 2.1408e-01 5.4587e+01
1.9586e+01 2.2429e-01 5.6806e+01
1.9586e+01 2.3449e-01 5.9323e+01
1.9586e+01 2.4469e-01 6.2127e+01
1.9586e+01 2.5490e-01 6.5209e+01
1.9586e+01 2.6510e-01 6.8562e+01
1.9586e+01 2.7531e-01 7.2175e+01
1.9586e+01 2.8551e-01 7.6039e+01
1.9586e+01 2.9571e-01 8.0146e+01
1.9586e+01 3.0592e-01 8.4486e+01
1.9586e+01 3.1612e-01 8.9051e+01
1.9586e+01 3.2633e-01 9.3831e+01
1.9586e+01 3.3653e-01 9.8818e+01
1.9586e+01 3.4673e-01 1.0400e+02
1.9586e+01 3.5694e-01 1.0937e+02
1.9586e+01 3.6714e-01 1.1493e+02
1.9586e+01 3.7735e-01 1.2065e+02
1.9586e+01 3.8755e-01 1.2653e+02
1.9586e+01 3.9776e-01 1.3257e+02
1.9586e+01 4.0796e-01 1.3875e+02
1.9586e+01 4.1816e-01 1.4506e+02
1.9586e+01 4.2837e-01 1.5150e+02
1.9586e+01 4.3857e-01 1.5805e+02
1.9586e+01 4.4878e-01 1.6471e+02
1.9586e+01 4.5898e-01 1.7147e+02
1.9586e+01 4.6918e-01 1.7832e+02
1.9586e+01 4.7939e-01 1.8525e+02
1.9586e+01 4.8959e-01 1.9225e+02
1.9586e+01 4.9980e-01 1.9931e+02
1.9586e+01 5.1000e-01 2.0643e+02
1.8458e+01 1.0000e-02 6.3289e+01
1.8458e+01 2.0204e-02 5.9461e+01
1.8458e+01 3.0408e-02 5.5943e+01
1.8458e+01 4.0612e-02 5.2729e+01
1.8458e+01 5.0816e-02 4.9816e+01
1.8458e+01 6.1020e-02 4.7197e+01
1.8458e+01 7.1224e-02 4.4868e+01
1.8458e+01 8.1429e-02 4.2824e+01
1.8458e+01 9.1633e-02 4.1059e+01
1.8458e+01 1.0184e-01 3.9569e+01
1.8458e+01 1.1204e-01 3.8348e+01
1.8458e+01 1.2224e-01 3.7392e+01
1.8458e+01 1.3245e-01 3.6696e+01
1.8458e+01 1.4265e-01 3.6254e+01
1.8458e+01 1.5286e-01 3.6061e+01
1.8458e+01 1.6306e-01 3.6112e+01
1.8458e+01 1.7327e-01 3.6403e+01
1.8458e+01 1.8347e-01 3.6928e+01
1.8458e+01 1.9367e-01 3.7682e+01
1.8458e+01 2.0388e-01 3.8660e+01
1.8458e+01 2.1408e-01 3.9857e+01
1.8458e+01 2.2429e-01 4.1268e+01
1.8458e+01 2.3449e-01 4.2888e+01
1.8458e+01 2.4469e-01 4.4712e+01
1.8458e+01 2.5490e-01 4.6734e+01
1.8458e+01 2.6510e-01 4.8951e+01
1.8458e+01 2.7531e-01 5.1356e+01
1.8458e+01 2.8551e-01 5.3945e+01
1.8458e+01 2.9571e-01 5.6713e+01
1.8458e+01 3.0592e-01 5.9654e+01
1.8458e+01 3.1612e-01 6.2763e+01
1.8458e+01 3.2633e-01 6.6036e+01
1.8458e+01 3.3653e-01 6.9468e+01
1.8458e+01 3.4673e-01 7.3053e+01
1.8458e+01 3.5694e-01 7.6786e+01
1.8458e+01 3.6714e-01 8.0662e+01
1.8458e+01 3.7735e-01 8.4677e+01
1.8458e+01 3.8755e-01 8.8825e+01
1.8458e+01 3.9776e-01 9.3101e+01
1.8458e+01 4.0796e-01 9.7500e+01
1.8458e+01 4.1816e-01 1.0202e+02
1.8458e+01 4.2837e-01 1.0665e+02
1.8458e+01 4.3857e-01 1.1138e+02
1.8458e+01 4.4878e-01 1.1623e+02
1.8458e+01 4.5898e-01 1.2116e+02
1.8458e+01 4.6918e-01 1.2620e+02
1.8458e+01 4.7939e-01 1.3131e+02
1.8458e+01 4.8959e-01 1.3652e+02
1.8458e+01 4.9980e-01 1.4179e+02
1.8458e+01 5.1000e-01 1.4715e+02
1.7690e+01 1.0000e-02 4.8166e+01
1.7690e+01 2.0204e-02 4.5423e+01
1.7690e+01 3.0408e-02 4.2887e+01
1.7690e+01 4.0612e-02 4.0557e+01
1.7690e+01 5.0816e-02 3.8429e+01
1.7690e+01 6.1020e-02 3.6501e+01
1.7690e+01 7.1224e-02 3.4771e+01
1.7690e+01 8.1429e-02 3.3235e+01
1.7690e+01 9.1633e-02 3.1891e+01
1.7690e+01 1.0184e-01 3.0737e+01
1.7690e+01 1.1204e-01 2.9769e+01
1.7690e+01 1.2224e-01 2.8985e+01
1.7690e+01 1.3245e-01 2.8383e+01
1.7690e+01 1.4265e-01 2.7959e+01
1.7690e+01 1.5286e-01 2.7711e+01
1.7690e+01 1.6306e-01 2.7637e+01
1.7690e+01 1.7327e-01 2.7734e+01
1.7690e+01 1.8347e-01 2.7998e+01
1.7690e+01 1.9367e-01 2.8428e+01
1.7690e+01 2.0388e-01 2.9021e+01
1.7690e+01 2.1408e-01 2.9774e+01
1.7690e+01 2.2429e-01 3.0684e+01
1.7690e+01 2.3449e-01 3.1750e+01
1.7690e+01 2.4469e-01 3.2967e+01
1.7690e+01 2.5490e-01 3.4334e+01
1.7690e+01 2.6510e-01 3.5848e+01
1.7690e+01 2.7531e-01 3.7506e+01
1.7690e+01 2.8551e-01 3.9305e+01
1.7690e+01 2.9571e-01 4.1244e+01
1.7690e+01 3.0592e-01 4.3318e+01
1.7690e+01 3.1612e-01 4.5526e+01
1.7690e+01 3.2633e-01 4.7866e+01
1.7690e+01 3.3653e-01 5.0333e+01
1.7690e+01 3.4673e-01 5.2926e+01
1.7690e+01 3.5694e-01 5.5642e+01
1.7690e+01 3.6714e-01 5.8478e+01
1.7690e+01 3.7735e-01 6.1432e+01
1.7690e+01 3.8755e-01 6.4501e+01
1.7690e+01 3.9776e-01 6.7683e+01
1.7690e+01 4.0796e-01 7.0974e+01
1.7690e+01 4.1816e-01 7.4372e+01
1.7690e+01 4.2837e-01 7.7874e+01
1.7690e+01 4.3857e-01 8.1478e+01
1.7690e+01 4.4878e-01 8.5182e+01
1.7690e+01 4.5898e-01 8.8981e+01
1.7690e+01 4.6918e-01 9.2875e+01
1.7690e+01 4.7939e-01 9.6859e+01
1.7690e+01 4.8959e-01 1.0093e+02
1.7690e+01 4.9980e-01 1.0509e+02
1.7690e+01 5.1000e-01 1.0933e+02
1.6755e+01 1.0000e-02 3.6079e+01
1.6755e+01 2.0204e-02 3.3967e+01
1.6755e+01 3.0408e-02 3.2013e+01
1.6755e+01 4.0612e-02 3.0217e+01
1.6755e+01 5.0816e-02 2.8575e+01
1.6755e+01 6.1020e-02 2.7085e+01
1.6755e+01 7.1224e-02 2.5744e+01
1.6755e+01 8.1429e-02 2.4552e+01
1.6755e+01 9.1633e-02 2.3504e+01
1.6755e+01 1.0184e-01 2.2600e+01
1.6755e+01 1.1204e-01 2.1836e+01
1.6755e+01 1.2224e-01 2.1211e+01
1.6755e+01 1.3245e-01 2.0721e+01
1.6755e+01 1.4265e-01 2.0366e+01
1.6755e+01 1.5286e-01 2.0142e+01
1.6755e+01 1.6306e-01 2.0047e+01
1.6755e+01 1.7327e-01 2.0079e+01
1.6755e+01 1.8347e-01 2.0236e+01
1.6755e+01 1.9367e-01 2.0515e+01
1.6755e+01 2.0388e-01 2.0914e+01
1.6755e+01 2.1408e-01 2.1430e+01
1.6755e+01 2.2429e-01 2.2063e+01
1.6755e+01 2.3449e-01 2.2808e+01
1.6755e+01 2.4469e-01 2.3664e+01
1.6755e+01 2.5490e-01 2.4629e+01
1.6755e+01 2.6510e-01 2.5700e+01
1.6755e+01 2.7531e-01 2.6875e+01
1.6755e+01 2.8551e-01 2.8152e+01
1.6755e+01 2.9571e-01 2.9529e+01
1.6755e+01 3.0592e-01 3.1002e+01
1.6755e+01 3.1612e-01 3.2570e+01
1.6755e+01 3.2633e-01 3.4231e+01
1.6755e+01 3.3653e-01 3.5982e+01
1.6755e+01 3.4673e-01 3.7821e+01
1.6755e+01 3.5694e-01 3.9746e+01
1.6755e+01 3.6714e-01 4.1754e+01
1.6755e+01 3.7735e-01 4.3843e+01
1.6755e+01 3.8755e-01 4.6010e+01
1.6755e+01 3.9776e-01 4.8255e+01
1.6755e+01 4.0796e-01 5.0573e+01
1.6755e+01 4.1816e-01 5.2964e+01
1.6755e+01 4.2837e-01 5.5424e+01
1.6755e+01 4.3857e-01 5.7952e+01
1.6755e+01 4.4878e-01 6.0544e+01
1.6755e+01 4.5898e-01 6.3199e+01
1.6755e+01 4.6918e-01 6.5915e+01
1.6755e+01 4.7939e-01 6.8689e+01
1.6755e+01 4.8959e-01 7.1519e+01
1.6755e+01 4.9980e-01 7.4402e+01
1.6755e+01 5.1000e-01 7.7336e+01
1.5910e+01 1.0000e-02 2.3402e+01
1.5910e+01 2.0204e-02 2.1856e+01
1.5910e+01 3.0408e-02 2.0439e+01
1.5910e+01 4.0612e-02 1.9147e+01
1.5910e+01 5.0816e-02 1.7978e+01
1.5910e+01 6.1020e-02 1.6930e+01
1.5910e+01 7.1224e-02 1.6001e+01
1.5910e+01 8.1429e-02 1.5188e+01
1.5910e+01 9.1633e-02 1.4489e+01
1.5910e+01 1.0184e-01 1.3902e+01
1.5910e+01 1.1204e-01 1.3424e+01
1.5910e+01 1.2224e-01 1.3052e+01
1.5910e+01 1.3245e-01 1.2785e+01
1.5910e+01 1.4265e-01 1.2621e+01
1.5910e+01 1.5286e-01 1.2556e+01
1.5910e+01 1.6306e-01 1.2588e+01
1.5910e+01 1.7327e-01 1.2716e+01
1.5910e+01 1.8347e-01 1.2936e+01
1.5910e+01 1.9367e-01 1.3247e+01
1.5910e+01 2.0388e-01 1.3645e+01
1.5910e+01 2.1408e-01 1.4130e+01
1.5910e+01 2.2429e-01 1.4698e+01
1.5910e+01 2.3449e-01 1.5346e+01
1.5910e+01 2.4469e-01 1.6074e+01
1.5910e+01 2.5490e-01 1.6878e+01
1.5910e+01 2.6510e-01 1.7755e+01
1.5910e+01 2.7531e-01 1.8705e+01
1.5910e+01 2.8551e-01 1.9723e+01
1.5910e+01 2.9571e-01 2.0809e+01
1.5910e+01 3.0592e-01 2.1959e+01
1.5910e+01 3.1612e-01 2.3172e+01
1.5910e+01 3.2633e-01 2.4444e+01
1.5910e+01 3.3653e-01 2.5773e+01
1.5910e+01 3.4673e-01 2.7158e+01
1.5910e+01 3.5694e-01 2.8596e+01
1.5910e+01 3.6714e-01 3.0084e+01
1.5910e+01 3.7735e-01 3.1621e+01
1.5910e+01 3.8755e-01 3.3203e+01
1.5910e+01 3.9776e-01 3.4828e+01
1.5910e+01 4.0796e-01 3.6495e+01
1.5910e+01 4.1816e-01 3.8200e+01
1.5910e+01 4.2837e-01 3.9942e+01
1.5910e+01 4.3857e-01 4.1718e+01
1.5910e+01 4.4878e-01 4.3526e+01
1.5910e+01 4.5898e-01 4.5362e+01
1.5910e+01 4.6918e-01 4.7226e+01
1.5910e+01 4.7939e-01 4.9115e+01
1.5910e+01 4.8959e-01 5.1025e+01
1.5910e+01 4.9980e-01 5.2956e+01
1.5910e+01 5.1000e-01 5.4905e+01
1.5141e+01 1.0000e-02 1.6249e+01
1.5141e+01 2.0204e-02 1.5161e+01
1.5141e+01 3.0408e-02 1.4167e+01
1.5141e+01 4.0612e-02 1.3266e+01
1.5141e+01 5.0816e-02 1.2456e+01
1.5141e+01 6.1020e-02 1.1735e+01
1.5141e+01 7.1224e-02 1.1102e+01
1.5141e+01 8.1429e-02 1.0555e+01
1.5141e+01 9.1633e-02 1.0091e+01
1.5141e+01 1.0184e-01 9.7097e+00
1.5141e+01 1.1204e-01 9.4084e+00
1.5141e+01 1.2224e-01 9.1854e+00
1.5141e+01 1.3245e-01 9.0390e+00
1.5141e+01 1.4265e-01 8.9673e+00
1.5141e+01 1.5286e-01 8.9685e+00
1.5141e+01 1.6306e-01 9.0409e+00
1.5141e+01 1.7327e-01 9.1824e+00
1.5141e+01 1.8347e-01 9.3915e+00
1.5141e+01 1.9367e-01 9.6662e+00
1.5141e+01 2.0388e-01 1.0005e+01
1.5141e+01 2.1408e-01 1.0405e+01
1.5141e+01 2.2429e-01 1.0866e+01
1.5141e+01 2.3449e-01 1.1385e+01
1.5141e+01 2.4469e-01 1.1960e+01
1.5141e+01 2.5490e-01 1.2590e+01
1.5141e+01 2.6510e-01 1.3274e+01
1.5141e+01 2.7531e-01 1.4008e+01
1.5141e+01 2.8551e-01 1.4791e+01
1.5141e+01 2.9571e-01 1.5622e+01
1.5141e+01 3.0592e-01 1.6498e+01
1.5141e+01 3.1612e-01 1.7418e+01
1.5141e+01 3.2633e-01 1.8381e+01
1.5141e+01 3.3653e-01 1.9383e+01
1.5141e+01 3.4673e-01 2.0423e+01
1.5141e+01 3.5694e-01 2.1501e+01
1.5141e+01 3.6714e-01 2.2612e+01
1.5141e+01 3.7735e-01 2.3757e+01
1.5141e+01 3.8755e-01 2.4932e+01
1.5141e+01 3.9776e-01 2.6137e+01
1.5141e+01 4.0796e-01 2.7369e+01
1.5141e+01 4.1816e-01 2.8627e+01
1.5141e+01 4.2837e-01 2.9909e+01
1.5141e+01 4.3857e-01 3.1212e+01
1.5141e+01 4.4878e-01 3.2536e+01
1.5141e+01 4.5898e-01 3.3878e+01
1.5141e+01 4.6918e-01 3.5236e+01
1.5141e+01 4.7939e-01 3.6609e+01
1.5141e+01 4.8959e-01 3.7994e+01
1.5141e+01 4.9980e-01 3.9391e+01
1.5141e+01 5.1000e-01 4.0797e+01
1.4273e+01 1.0000e-02 1.2176e+01
1.4273e+01 2.0204e-02 1.1365e+01
1.4273e+01 3.0408e-02 1.0621e+01
1.4273e+01 4.0612e-02 9.9442e+00
1.4273e+01 5.0816e-02 9.3324e+00
1.4273e+01 6.1020e-02 8.7845e+00
1.4273e+01 7.1224e-02 8.2993e+00
1.4273e+01 8.1429e-02 7.8757e+00
1.4273e+01 9.1633e-02 7.5123e+00
1.4273e+01 1.0184e-01 7.2079e+00
1.4273e+01 1.1204e-01 6.9613e+00
1.4273e+01 1.2224e-01 6.7713e+00
1.4273e+01 1.3245e-01 6.6367e+00
1.4273e+01 1.4265e-01 6.5562e+00
1.4273e+01 1.5286e-01 6.5286e+00
1.4273e+01 1.6306e-01 6.5526e+00
1.4273e+01 1.7327e-01 6.6272e+00
1.4273e+01 1.8347e-01 6.7509e+00
1.4273e+01 1.9367e-01 6.9226e+00
1.4273e+01 2.0388e-01 7.1411e+00
1.4273e+01 2.1408e-01 7.4051e+00
1.4273e+01 2.2429e-01 7.7134e+00
1.4273e+01 2.3449e-01 8.0648e+00
1.4273e+01 2.4469e-01 8.4581e+00
1.4273e+01 2.5490e-01 8.8920e+00
1.4273e+01 2.6510e-01 9.3653e+00
1.4273e+01 2.7531e-01 9.8768e+00
1.4273e+01 2.8551e-01 1.0425e+01
1.4273e+01 2.9571e-01 1.1009e+01
1.4273e+01 3.0592e-01 1.1628e+01
1.4273e+01 3.1612e-01 1.2280e+01
1.4273e+01 3.2633e-01 1.2964e+01
1.4273e+01 3.3653e-01 1.3678e+01
1.4273e+01 3.4673e-01 1.4423e+01
1.4273e+01 3.5694e-01 1.5195e+01
1.4273e+01 3.6714e-01 1.5995e+01
1.4273e+01 3.7735e-01 1.6821e+01
1.4273e+01 3.8755e-01 1.7671e+01
1.4273e+01 3.9776e-01 1.8545e+01
1.4273e+01 4.0796e-01 1.9441e+01
1.4273e+01 4.1816e-01 2.0358e+01
1.4273e+01 4.2837e-01 2.1295e+01
1.4273e+01 4.3857e-01 2.2250e+01
1.4273e+01 4.4878e-01 2.3223e+01
1.4273e+01 4.5898e-01 2.4212e+01
1.4273e+01 4.6918e-01 2.5215e+01
1.4273e+01 4.7939e-01 2.6233e+01
1.4273e+01 4.8959e-01 2.7262e+01
1.4273e+01 4.9980e-01 2.8303e+01
1.4273e+01 5.1000e-01 2.9354e+01
1.3494e+01 1.0000e-02 8.0407e+00
1.3494e+01 2.0204e-02 7.5788e+00
1.3494e+01 3.0408e-02 7.1553e+00
1.3494e+01 4.0612e-02 6.7697e+00
1.3494e+01 5.0816e-02 6.4215e+00
1.3494e+01 6.1020e-02 6.1103e+00
1.3494e+01 7.1224e-02 5.8355e+00
1.3494e+01 8.1429e-02 5.5966e+00
1.3494e+01 9.1633e-02 5.3931e+00
1.3494e+01 1.0184e-01 5.2246e+00
1.3494e+01 1.1204e-01 5.0905e+00
1.3494e+01 1.2224e-01 4.9904e+00
1.3494e+01 1.3245e-01 4.9237e+00
1.3494e+01 1.4265e-01 4.8900e+00
1.3494e+01 1.5286e-01 4.8887e+00
1.3494e+01 1.6306e-01 4.9193e+00
1.3494e+01 1.7327e-01 4.9815e+00
1.3494e+01 1.8347e-01 5.0746e+00
1.3494e+01 1.9367e-01 5.1981e+00
1.3494e+01 2.0388e-01 5.3517e+00
1.3494e+01 2.1408e-01 5.5347e+00
1.3494e+01 2.2429e-01 5.7467e+00
1.3494e+01 2.3449e-01 5.9871e+00
1.3494e+01 2.4469e-01 6.2556e+00
1.3494e+01 2.5490e-01 6.5515e+00
1.3494e+01 2.6510e-01 6.8744e+00
1.3494e+01 2.7531e-01 7.2239e+00
1.3494e+01 2.8551e-01 7.5993e+00
1.3494e+01 2.9571e-01 8.0002e+00
1.3494e+01 3.0592e-01 8.4261e+00
1.3494e+01 3.1612e-01 8.8766e+00
1.3494e+01 3.2633e-01 9.3510e+00
1.3494e+01 3.3653e-01 9.8490e+00
1.3494e+01 3.4673e-01 1.0370e+01
1.3494e+01 3.5694e-01 1.0914e+01
1.3494e+01 3.6714e-01 1.1479e+01
1.3494e+01 3.7735e-01 1.2066e+01
1.3494e+01 3.8755e-01 1.2674e+01
1.3494e+01 3.9776e-01 1.3303e+01
1.3494e+01 4.0796e-01 1.3952e+01
1.3494e+01 4.1816e-01 1.4620e+01
1.3494e+01 4.2837e-01 1.5307e+01
1.3494e+01 4.3857e-01 1.6013e+01
1.3494e+01 4.4878e-01 1.6737e+01
1.3494e+01 4.5898e-01 1.7478e+01
1.3494e+01 4.6918e-01 1.8237e+01
1.3494e+01 4.7939e-01 1.9012e+01
1.3494e+01 4.8959e-01 1.9803e+01
1.3494e+01 4.9980e-01 2.0610e+01
1.3494e+01 5.1000e-01 2.1431e+01
1.2926e+01 1.0000e-02 6.1669e+00
1.2926e+01 2.0204e-02 5.8222e+00
1.2926e+01 3.0408e-02 5.5053e+00
1.2926e+01 4.0612e-02 5.2159e+00
1.2926e+01 5.0816e-02 4.9537e+00
1.2926e+01 6.1020e-02 4.7183e+00
1.2926e+01 7.1224e-02 4.5094e+00
1.2926e+01 8.1429e-02 4.3266e+00
1.2926e+01 9.1633e-02 4.1696e+00
1.2926e+01 1.0184e-01 4.0380e+00
1.2926e+01 1.1204e-01 3.9315e+00
1.2926e+01 1.2224e-01 3.8497e+00
1.2926e+01 1.3245e-01 3.7923e+00
1.2926e+01 1.4265e-01 3.7590e+00
1.2926e+01 1.5286e-01 3.7494e+00
1.2926e+01 1.6306e-01 3.7631e+00
1.2926e+01 1.7327e-01 3.7999e+00
1.2926e+01 1.8347e-01 3.8593e+00
1.2926e+01 1.9367e-01 3.9411e+00
1.2926e+01 2.0388e-01 4.0448e+00
1.2926e+01 2.1408e-01 4.1702e+00
1.2926e+01 2.2429e-01 4.3168e+00
1.2926e+01 2.3449e-01 4.4844e+00
1.2926e+01 2.4469e-01 4.6726e+00
1.2926e+01 2.5490e-01 4.8811e+00
1.2926e+01 2.6510e-01 5.1094e+00
1.2926e+01 2.7531e-01 5.3573e+00
1.2926e+01 2.8551e-01 5.6245e+00
1.2926e+01 2.9571e-01 5.9105e+00
1.2926e+01 3.0592e-01 6.2150e+00
1.2926e+01 3.1612e-01 6.5377e+00
1.2926e+01 3.2633e-01 6.8783e+00
1.2926e+01 3.3653e-01 7.2363e+00
1.2926e+01 3.4673e-01 7.6115e+00
1.2926e+01 3.5694e-01 8.0034e+00
1.2926e+01 3.6714e-01 8.4119e+00
1.2926e+01 3.7735e-01 8.8364e+00
1.2926e+01 3.8755e-01 9.2767e+00
1.2926e+01 3.9776e-01 9.7324e+00
1.2926e+01 4.0796e-01 1.0203e+01
1.2926e+01 4.1816e-01 1.0689e+01
1.2926e+01 4.2837e-01 1.1189e+01
1.2926e+01 4.3857e-01 1.1703e+01
1.2926e+01 4.4878e-01 1.2230e+01
1.2926e+01 4.5898e-01 1.2771e+01
1.2926e+01 4.6918e-01 1.3325e+01
1.2926e+01 4.7939e-01 1.3892e+01
1.2926e+01 4.8959e-01 1.4471e+01
1.2926e+01 4.9980e-01 1.5061e+01
1.2926e+01 5.1000e-01 1.5664e+01
1.2152e+01 1.0000e-02 4.7052e+00
1.2152e+01 2.0204e-02 4.3889e+00
1.2152e+01 3.0408e-02 4.0993e+00
1.2152e+01 4.0612e-02 3.8360e+00
1.2152e+01 5.0816e-02 3.5984e+00
1.2152e+01 6.1020e-02 3.3859e+00
1.2152e+01 7.1224e-02 3.1982e+00
1.2152e+01 8.1429e-02 3.0347e+00
1.2152e+01 9.1633e-02 2.8948e+00
1.2152e+01 1.0184e-01 2.7780e+00
1.2152e+01 1.1204e-01 2.6839e+00
1.2152e+01 1.2224e-01 2.6119e+00
1.2152e+01 1.3245e-01 2.5616e+00
1.2152e+01 1.4265e-01 2.5323e+00
1.2152e+01 1.5286e-01 2.5235e+00
1.2152e+01 1.6306e-01 2.5349e+00
1.2152e+01 1.7327e-01 2.5658e+00
1.2152e+01 1.8347e-01 2.6157e+00
1.2152e+01 1.9367e-01 2.6842e+00
1.2152e+01 2.0388e-01 2.7706e+00
1.2152e+01 2.1408e-01 2.8746e+00
1.2152e+01 2.2429e-01 2.9955e+00
1.2152e+01 2.3449e-01 3.1329e+00
1.2152e+01 2.4469e-01 3.2862e+00
1.2152e+01 2.5490e-01 3.4550e+00
1.2152e+01 2.6510e-01 3.6387e+00
1.2152e+01 2.7531e-01 3.8368e+00
1.2152e+01 2.8551e-01 4.0489e+00
1.2152e+01 2.9571e-01 4.2743e+00
1.2152e+01 3.0592e-01 4.5125e+00
1.2152e+01 3.1612e-01 4.7631e+00
1.2152e+01 3.2633e-01 5.0256e+00
1.2152e+01 3.3653e-01 5.2994e+00
1.2152e+01 3.4673e-01 5.5840e+00
1.2152e+01 3.5694e-01 5.8789e+00
1.2152e+01 3.6714e-01 6.1835e+00
1.2152e+01 3.7735e-01 6.4975e+00
1.2152e+01 3.8755e-01 6.8202e+00
1.2152e+01 3.9776e-01 7.1511e+00
1.2152e+01 4.0796e-01 7.4898e+00
1.2152e+01 4.1816e-01 7.8357e+00
1.2152e+01 4.2837e-01 8.1883e+00
1.2152e+01 4.3857e-01 8.5471e+00
1.2152e+01 4.4878e-01 8.9115e+00
1.2152e+01 4.5898e-01 9.2811e+00
1.2152e+01 4.6918e-01 9.6554e+00
1.2152e+01 4.7939e-01 1.0034e+01
1.2152e+01 4.8959e-01 1.0416e+01
1.2152e+01 4.9980e-01 1.0801e+01
1.2152e+01 5.1000e-01 1.1189e+01
1.1570e+01 1.0000e-02 3.4510e+00
1.1570e+01 2.0204e-02 3.2402e+00
1.1570e+01 3.0408e-02 3.0465e+00
1.1570e+01 4.0612e-02 2.8694e+00
1.1570e+01 5.0816e-02 2.7088e+00
1.1570e+01 6.1020e-02 2.5644e+00
1.1570e+01 7.1224e-02 2.4360e+00
1.1570e+01 8.1429e-02 2.3232e+00
1.1570e+01 9.1633e-02 2.2259e+00
1.1570e+01 1.0184e-01 2.1437e+00
1.1570e+01 1.1204e-01 2.0765e+00
1.1570e+01 1.2224e-01 2.0240e+00
1.1570e+01 1.3245e-01 1.9858e+00
1.1570e+01 1.4265e-01 1.9618e+00
1.1570e+01 1.5286e-01 1.9517e+00
1.1570e+01 1.6306e-01 1.9553e+00
1.1570e+01 1.7327e-01 1.9722e+00
1.1570e+01 1.8347e-01 2.0022e+00
1.1570e+01 1.9367e-01 2.0452e+00
1.1570e+01 2.0388e-01 2.1007e+00
1.1570e+01 2.1408e-01 2.1686e+00
1.1570e+01 2.2429e-01 2.2486e+00
1.1570e+01 2.3449e-01 2.3404e+00
1.1570e+01 2.4469e-01 2.4438e+00
1.1570e+01 2.5490e-01 2.5585e+00
1.1570e+01 2.6510e-01 2.6844e+00
1.1570e+01 2.7531e-01 2.8210e+00
1.1570e+01 2.8551e-01 2.9682e+00
1.1570e+01 2.9571e-01 3.1257e+00
1.1570e+01 3.0592e-01 3.2932e+00
1.1570e+01 3.1612e-01 3.4706e+00
1.1570e+01 3.2633e-01 3.6575e+00
1.1570e+01 3.3653e-01 3.8536e+00
1.1570e+01 3.4673e-01 4.0588e+00
1.1570e+01 3.5694e-01 4.2727e+00
1.1570e+01 3.6714e-01 4.4952e+00
1.1570e+01 3.7735e-01 4.7259e+00
1.1570e+01 3.8755e-01 4.9645e+00
1.1570e+01 3.9776e-01 5.2110e+00
1.1570e+01 4.0796e-01 5.4649e+00
1.1570e+01 4.1816e-01 5.7260e+00
1.1570e+01 4.2837e-01 5.9941e+00
1.1570e+01 4.3857e-01 6.2689e+00
1.1570e+01 4.4878e-01 6.5502e+00
1.1570e+01 4.5898e-01 6.8377e+00
1.1570e+01 4.6918e-01 7.1311e+00
1.1570e+01 4.7939e-01 7.4302e+00
1.1570e+01 4.8959e-01 7.7347e+00
1.1570e+01 4.9980e-01 8.0444e+00
1.1570e+01 5.1000e-01 8.3591e+00
1.0936e+01 1.0000e-02 2.5351e+00
1.0936e+01 2.0204e-02 2.3829e+00
1.0936e+01 3.0408e-02 2.2426e+00
1.0936e+01 4.0612e-02 2.1141e+00
1.0936e+01 5.0816e-02 1.9972e+00
1.0936e+01 6.1020e-02 1.8918e+00
1.0936e+01 7.1224e-02 1.7976e+00
1.0936e+01 8.1429e-02 1.7144e+00
1.0936e+01 9.1633e-02 1.6422e+00
1.0936e+01 1.0184e-01 1.5807e+00
1.0936e+01 1.1204e-01 1.5297e+00
1.0936e+01 1.2224e-01 1.4890e+00
1.0936e+01 1.3245e-01 1.4586e+00
1.0936e+01 1.4265e-01 1.4381e+00
1.0936e+01 1.5286e-01 1.4275e+00
1.0936e+01 1.6306e-01 1.4265e+00
1.0936e+01 1.7327e-01 1.4350e+00
1.0936e+01 1.8347e-01 1.4528e+00
1.0936e+01 1.9367e-01 1.4797e+00
1.0936e+01 2.0388e-01 1.5155e+00
1.0936e+01 2.1408e-01 1.5601e+00
1.0936e+01 2.2429e-01 1.6133e+00
1.0936e+01 2.3449e-01 1.6748e+00
1.0936e+01 2.4469e-01 1.7446e+00
1.0936e+01 2.5490e-01 1.8224e+00
1.0936e+01 2.6510e-01 1.9081e+00
1.0936e+01 2.7531e-01 2.0014e+00
1.0936e+01 2.8551e-01 2.1023e+00
1.0936e+01 2.9571e-01 2.2105e+00
1.0936e+01 3.0592e-01 2.3258e+00
1.0936e+01 3.1612e-01 2.4481e+00
1.0936e+01 3.2633e-01 2.5772e+00
1.0936e+01 3.3653e-01 2.7130e+00
1.0936e+01 3.4673e-01 2.8551e+00
1.0936e+01 3.5694e-01 3.0035e+00
1.0936e+01 3.6714e-01 3.1580e+00
1.0936e+01 3.7735e-01 3.3184e+00
1.0936e+01 3.8755e-01 3.4846e+00
1.0936e+01 3.9776e-01 3.6562e+00
1.0936e+01 4.0796e-01 3.8333e+00
1.0936e+01 4.1816e-01 4.0155e+00
1.0936e+01 4.2837e-01 4.2027e+00
1.0936e+01 4.3857e-01 4.3948e+00
1.0936e+01 4.4878e-01 4.5915e+00
1.0936e+01 4.5898e-01 4.7927e+00
1.0936e+01 4.6918e-01 4.9982e+00
1.0936e+01 4.7939e-01 5.2078e+00
1.0936e+01 4.8959e-01 5.4213e+00
1.0936e+01 4.9980e-01 5.6386e+00
1.0936e+01 5.1000e-01 5.8595e+00
1.0363e+01 1.0000e-02 1.7808e+00
1.0363e+01 2.0204e-02 1.6857e+00
1.0363e+01 3.0408e-02 1.5982e+00
1.0363e+01 4.0612e-02 1.5181e+00
1.0363e+01 5.0816e-02 1.4455e+00
1.0363e+01 6.1020e-02 1.3801e+00
1.0363e+01 7.1224e-02 1.3219e+00
1.0363e+01 8.1429e-02 1.2708e+00
1.0363e+01 9.1633e-02 1.2267e+00
1.0363e+01 1.0184e-01 1.1895e+00
1.0363e+01 1.1204e-01 1.1592e+00
1.0363e+01 1.2224e-01 1.1356e+00
1.0363e+01 1.3245e-01 1.1186e+00
1.0363e+01 1.4265e-01 1.1082e+00
1.0363e+01 1.5286e-01 1.1042e+00
1.0363e+01 1.6306e-01 1.1066e+00
1.0363e+01 1.7327e-01 1.1152e+00
1.0363e+01 1.8347e-01 1.1301e+00
1.0363e+01 1.9367e-01 1.1510e+00
1.0363e+01 2.0388e-01 1.1778e+00
1.0363e+01 2.1408e-01 1.2106e+00
1.0363e+01 2.2429e-01 1.2492e+00
1.0363e+01 2.3449e-01 1.2935e+00
1.0363e+01 2.4469e-01 1.3434e+00
1.0363e+01 2.5490e-01 1.3988e+00
1.0363e+01 2.6510e-01 1.4596e+00
1.0363e+01 2.7531e-01 1.5258e+00
1.0363e+01 2.8551e-01 1.5973e+00
1.0363e+01 2.9571e-01 1.6738e+00
1.0363e+01 3.0592e-01 1.7555e+00
1.0363e+01 3.1612e-01 1.8421e+00
1.0363e+01 3.2633e-01 1.9335e+00
1.0363e+01 3.3653e-01 2.0298e+00
1.0363e+01 3.4673e-01 2.1307e+00
1.0363e+01 3.5694e-01 2.2362e+00
1.0363e+01 3.6714e-01 2.3462e+00
1.0363e+01 3.7735e-01 2.4607e+00
1.0363e+01 3.8755e-01 2.5794e+00
1.0363e+01 3.9776e-01 2.7024e+00
1.0363e+01 4.0796e-01 2.8294e+00
1.0363e+01 4.1816e-01 2.9606e+00
1.0363e+01 4.2837e-01 3.0956e+00
1.0363e+01 4.3857e-01 3.2345e+00
1.0363e+01 4.4878e-01 3.3772e+00
1.0363e+01 4.5898e-01 3.5235e+00
1.0363e+01 4.6918e-01 3.6734e+00
1.0363e+01 4.7939e-01 3.8268e+00
1.0363e+01 4.8959e-01 3.9835e+00
1.0363e+01 4.9980e-01 4.1435e+00
1.0363e+01 5.1000e-01 4.3068e+00
9.8428e+00 1.0000e-02 1.4056e+00
9.8428e+00 2.0204e-02 1.3336e+00
9.8428e+00 3.0408e-02 1.2672e+00
9.8428e+00 4.0612e-02 1.2061e+00
9.8428e+00 5.0816e-02 1.1504e+00
9.8428e+00 6.1020e-02 1.1000e+00
9.8428e+00 7.1224e-02 1.0549e+00
9.8428e+00 8.1429e-02 1.0149e+00
9.8428e+00 9.1633e-02 9.7999e-01
9.8428e+00 1.0184e-01 9.5018e-01
9.8428e+00 1.1204e-01 9.2536e-01
9.8428e+00 1.2224e-01 9.0549e-01
9.8428e+00 1.3245e-01 8.9051e-01
9.8428e+00 1.4265e-01 8.8035e-01
9.8428e+00 1.5286e-01 8.7495e-01
9.8428e+00 1.6306e-01 8.7427e-01
9.8428e+00 1.7327e-01 8.7824e-01
9.8428e+00 1.8347e-01 8.8680e-01
9.8428e+00 1.9367e-01 8.9990e-01
9.8428e+00 2.0388e-01 9.1747e-01
9.8428e+00 2.1408e-01 9.3946e-01
9.8428e+00 2.2429e-01 9.6581e-01
9.8428e+00 2.3449e-01 9.9646e-01
9.8428e+00 2.4469e-01 1.0314e+00
9.8428e+00 2.5490e-01 1.0704e+00
9.8428e+00 2.6510e-01 1.1136e+00
9.8428e+00 2.7531e-01 1.1609e+00
9.8428e+00 2.8551e-01 1.2122e+00
9.8428e+00 2.9571e-01 1.2674e+00
9.8428e+00 3.0592e-01 1.3265e+00
9.8428e+00 3.1612e-01 1.3895e+00
9.8428e+00 3.2633e-01 1.4562e+00
9.8428e+00 3.3653e-01 1.5267e+00
9.8428e+00 3.4673e-01 1.6008e+00
9.8428e+00 3.5694e-01 1.6785e+00
9.8428e+00 3.6714e-01 1.7597e+00
9.8428e+00 3.7735e-01 1.8445e+00
9.8428e+00 3.8755e-01 1.9326e+00
9.8428e+00 3.9776e-01 2.0241e+00
9.8428e+00 4.0796e-01 2.1190e+00
9.8428e+00 4.1816e-01 2.2171e+00
9.8428e+00 4.2837e-01 2.3183e+00
9.8428e+00 4.3857e-01 2.4228e+00
9.8428e+00 4.4878e-01 2.5302e+00
9.8428e+00 4.5898e-01 2.6407e+00
9.8428e+00 4.6918e-01 2.7542e+00
9.8428e+00 4.7939e-01 2.8706e+00
9.8428e+00 4.8959e-01 2.9898e+00
9.8428e+00 4.9980e-01 3.1117e+00
9.8428e+00 5.1000e-01 3.2365e+00
9.3679e+00 1.0000e-02 1.0730e+00
9.3679e+00 2.0204e-02 9.8741e-01
9.3679e+00 3.0408e-02 9.0945e-01
9.3679e+00 4.0612e-02 8.3894e-01
9.3679e+00 5.0816e-02 7.7567e-01
9.3679e+00 6.1020e-02 7.1946e-01
9.3679e+00 7.1224e-02 6.7011e-01
9.3679e+00 8.1429e-02 6.2745e-01
9.3679e+00 9.1633e-02 5.9127e-01
9.3679e+00 1.0184e-01 5.6139e-01
9.3679e+00 1.1204e-01 5.3762e-01
9.3679e+00 1.2224e-01 5.1977e-01
9.3679e+00 1.3245e-01 5.0765e-01
9.3679e+00 1.4265e-01 5.0107e-01
9.3679e+00 1.5286e-01 4.9983e-01
9.3679e+00 1.6306e-01 5.0376e-01
9.3679e+00 1.7327e-01 5.1266e-01
9.3679e+00 1.8347e-01 5.2634e-01
9.3679e+00 1.9367e-01 5.4461e-01
9.3679e+00 2.0388e-01 5.6728e-01
9.3679e+00 2.1408e-01 5.9416e-01
9.3679e+00 2.2429e-01 6.2506e-01
9.3679e+00 2.3449e-01 6.5980e-01
9.3679e+00 2.4469e-01 6.9818e-01
9.3679e+00 2.5490e-01 7.4001e-01
9.3679e+00 2.6510e-01 7.8510e-01
9.3679e+00 2.7531e-01 8.3327e-01
9.3679e+00 2.8551e-01 8.8432e-01
9.3679e+00 2.9571e-01 9.3806e-01
9.3679e+00 3.0592e-01 9.9431e-01
9.3679e+00 3.1612e-01 1.0529e+00
9.3679e+00 3.2633e-01 1.1136e+00
9.3679e+00 3.3653e-01 1.1762e+00
9.3679e+00 3.4673e-01 1.2405e+00
9.3679e+00 3.5694e-01 1.3065e+00
9.3679e+00 3.6714e-01 1.3737e+00
9.3679e+00 3.7735e-01 1.4422e+00
9.3679e+00 3.8755e-01 1.5117e+00
9.3679e+00 3.9776e-01 1.5819e+00
9.3679e+00 4.0796e-01 1.6527e+00
9.3679e+00 4.1816e-01 1.7240e+00
9.3679e+00 4.2837e-01 1.7955e+00
9.3679e+00 4.3857e-01 1.8670e+00
9.3679e+00 4.4878e-01 1.9384e+00
9.3679e+00 4.5898e-01 2.0095e+00
9.3679e+00 4.6918e-01 2.0800e+00
9.3679e+00 4.7939e-01 2.1497e+00
9.3679e+00 4.8959e-01 2.2186e+00
9.3679e+00 4.9980e-01 2.2864e+00
9.3679e+00 5.1000e-01 2.3529e+00
8.8639e+00 1.0000e-02 8.3295e-01
8.8639e+00 2.0204e-02 7.7016e-01
8.8639e+00 3.0408e-02 7.1269e-01
8.8639e+00 4.0612e-02 6.6044e-01
8.8639e+00 5.0816e-02 6.1328e-01
8.8639e+00 6.1020e-02 5.7110e-01
8.8639e+00 7.1224e-02 5.3378e-01
8.8639e+00 8.1429e-02 5.0120e-01
8.8639e+00 9.1633e-02 4.7324e-01
8.8639e+00 1.0184e-01 4.4977e-01
8.8639e+00 1.1204e-01 4.3070e-01
8.8639e+00 1.2224e-01 4.1589e-01
8.8639e+00 1.3245e-01 4.0522e-01
8.8639e+00 1.4265e-01 3.9858e-01
8.8639e+00 1.5286e-01 3.9586e-01
8.8639e+00 1.6306e-01 3.9692e-01
8.8639e+00 1.7327e-01 4.0166e-01
8.8639e+00 1.8347e-01 4.0995e-01
8.8639e+00 1.9367e-01 4.2167e-01
8.8639e+00 2.0388e-01 4.3672e-01
8.8639e+00 2.1408e-01 4.5496e-01
8.8639e+00 2.2429e-01 4.7628e-01
8.8639e+00 2.3449e-01 5.0057e-01
8.8639e+00 2.4469e-01 5.2769e-01
8.8639e+00 2.5490e-01 5.5754e-01
8.8639e+00 2.6510e-01 5.9000e-01
8.8639e+00 2.7531e-01 6.2494e-01
8.8639e+00 2.8551e-01 6.6226e-01
8.8639e+00 2.9571e-01 7.0182e-01
8.8639e+00 3.0592e-01 7.4352e-01
8.8639e+00 3.1612e-01 7.8723e-01
8.8639e+00 3.2633e-01 8.3283e-01
8.8639e+00 3.3653e-01 8.8021e-01
8.8639e+00 3.4673e-01 9.2925e-01
8.8639e+00 3.5694e-01 9.7983e-01
8.8639e+00 3.6714e-01 1.0318e+00
8.8639e+00 3.7735e-01 1.0851e+00
8.8639e+00 3.8755e-01 1.1396e+00
8.8639e+00 3.9776e-01 1.1952e+00
8.8639e+00 4.0796e-01 1.2517e+00
8.8639e+00 4.1816e-01 1.3090e+00
8.8639e+00 4.2837e-01 1.3670e+00
8.8639e+00 4.3857e-01 1.4257e+00
8.8639e+00 4.4878e-01 1.4848e+00
8.8639e+00 4.5898e-01 1.5442e+00
8.8639e+00 4.6918e-01 1.6039e+00
8.8639e+00 4.7939e-01 1.6637e+00
8.8639e+00 4.8959e-01 1.7235e+00
8.8639e+00 4.9980e-01 1.7832e+00
8.8639e+00 5.1000e-01 1.8427e+00
8.4067e+00 1.0000e-02 6.2608e-01
8.4067e+00 2.0204e-02 5.7982e-01
8.4067e+00 3.0408e-02 5.3739e-01
8.4067e+00 4.0612e-02 4.9871e-01
8.4067e+00 5.0816e-02 4.6368e-01
8.4067e+00 6.1020e-02 4.3223e-01
8.4067e+00 7.1224e-02 4.0428e-01
8.4067e+00 8.1429e-02 3.7973e-01
8.4067e+00 9.1633e-02 3.5852e-01
8.4067e+00 1.0184e-01 3.4055e-01
8.4067e+00 1.1204e-01 3.2574e-01
8.4067e+00 1.2224e-01 3.1401e-01
8.4067e+00 1.3245e-01 3.0527e-01
8.4067e+00 1.4265e-01 2.9945e-01
8.4067e+00 1.5286e-01 2.9646e-01
8.4067e+00 1.6306e-01 2.9621e-01
8.4067e+00 1.7327e-01 2.9863e-01
8.4067e+00 1.8347e-01 3.0363e-01
8.4067e+00 1.9367e-01 3.1112e-01
8.4067e+00 2.0388e-01 3.2103e-01
8.4067e+00 2.1408e-01 3.3328e-01
8.4067e+00 2.2429e-01 3.4777e-01
8.4067e+00 2.3449e-01 3.6443e-01
8.4067e+00 2.4469e-01 3.8316e-01
8.4067e+00 2.5490e-01 4.0390e-01
8.4067e+00 2.6510e-01 4.2656e-01
8.4067e+00 2.7531e-01 4.5105e-01
8.4067e+00 2.8551e-01 4.7729e-01
8.4067e+00 2.9571e-01 5.0520e-01
8.4067e+00 3.0592e-01 5.3469e-01
8.4067e+00 3.1612e-01 5.6568e-01
8.4067e+00 3.2633e-01 5.9809e-01
8.4067e+00 3.3653e-01 6.3184e-01
8.4067e+00 3.4673e-01 6.6684e-01
8.4067e+00 3.5694e-01 7.0301e-01
8.4067e+00 3.6714e-01 7.4027e-01
8.4067e+00 3.7735e-01 7.7853e-01
8.4067e+00 3.8755e-01 8.1771e-01
8.4067e+00 3.9776e-01 8.5773e-01
8.4067e+00 4.0796e-01 8.9850e-01
8.4067e+00 4.1816e-01 9.3994e-01
8.4067e+00 4.2837e-01 9.8197e-01
8.4067e+00 4.3857e-01 1.0245e+00
8.4067e+00 4.4878e-01 1.0675e+00
8.4067e+00 4.5898e-01 1.1108e+00
8.4067e+00 4.6918e-01 1.1543e+00
8.4067e+00 4.7939e-01 1.1981e+00
8.4067e+00 4.8959e-01 1.2419e+00
8.4067e+00 4.9980e-01 1.2857e+00
8.4067e+00 5.1000e-01 1.3294e+00
7.9334e+00 1.0000e-02 4.2496e-01
7.9334e+00 2.0204e-02 3.9409e-01
7.9334e+00 3.0408e-02 3.6602e-01
7.9334e+00 4.0612e-02 3.4068e-01
7.9334e+00 5.0816e-02 3.1801e-01
7.9334e+00 6.1020e-02 2.9794e-01
7.9334e+00 7.1224e-02 2.8040e-01
7.9334e+00 8.1429e-02 2.6533e-01
7.9334e+00 9.1633e-02 2.5267e-01
7.9334e+00 1.0184e-01 2.4233e-01
7.9334e+00 1.1204e-01 2.3426e-01
7.9334e+00 1.2224e-01 2.2840e-01
7.9334e+00 1.3245e-01 2.2467e-01
7.9334e+00 1.4265e-01 2.2300e-01
7.9334e+00 1.5286e-01 2.2334e-01
7.9334e+00 1.6306e-01 2.2561e-01
7.9334e+00 1.7327e-01 2.2975e-01
7.9334e+00 1.8347e-01 2.3569e-01
7.9334e+00 1.9367e-01 2.4336e-01
7.9334e+00 2.0388e-01 2.5271e-01
7.9334e+00 2.1408e-01 2.6365e-01
7.9334e+00 2.2429e-01 2.7613e-01
7.9334e+00 2.3449e-01 2.9008e-01
7.9334e+00 2.4469e-01 3.0543e-01
7.9334e+00 2.5490e-01 3.2212e-01
7.9334e+00 2.6510e-01 3.4007e-01
7.9334e+00 2.7531e-01 3.5923e-01
7.9334e+00 2.8551e-01 3.7952e-01
7.9334e+00 2.9571e-01 4.0088e-01
7.9334e+00 3.0592e-01 4.2324e-01
7.9334e+00 3.1612e-01 4.4654e-01
7.9334e+00 3.2633e-01 4.7070e-01
7.9334e+00 3.3653e-01 4.9567e-01
7.9334e+00 3.4673e-01 5.2138e-01
7.9334e+00 3.5694e-01 5.4775e-01
7.9334e+00 3.6714e-01 5.7473e-01
7.9334e+00 3.7735e-01 6.0224e-01
7.9334e+00 3.8755e-01 6.3022e-01
7.9334e+00 3.9776e-01 6.5861e-01
7.9334e+00 4.0796e-01 6.8733e-01
7.9334e+00 4.1816e-01 7.1632e-01
7.9334e+00 4.2837e-01 7.4551e-01
7.9334e+00 4.3857e-01 7.7484e-01
7.9334e+00 4.4878e-01 8.0424e-01
7.9334e+00 4.5898e-01 8.3365e-01
7.9334e+00 4.6918e-01 8.6299e-01
7.9334e+00 4.7939e-01 8.9220e-01
7.9334e+00 4.8959e-01 9.2121e-01
7.9334e+00 4.9980e-01 9.4996e-01
7.9334e+00 5.1000e-01 9.7838e-01
7.5054e+00 1.0000e-02 3.5188e-01
7.5054e+00 2.0204e-02 3.2699e-01
7.5054e+00 3.0408e-02 3.0429e-01
7.5054e+00 4.0612e-02 2.8374e-01
7.5054e+00 5.0816e-02 2.6529e-01
7.5054e+00 6.1020e-02 2.4888e-01
7.5054e+00 7.1224e-02 2.3446e-01
7.5054e+00 8.1429e-02 2.2198e-01
7.5054e+00 9.1633e-02 2.1140e-01
7.5054e+00 1.0184e-01 2.0265e-01
7.5054e+00 1.1204e-01 1.9570e-01
7.5054e+00 1.2224e-01 1.9049e-01
7.5054e+00 1.3245e-01 1.8696e-01
7.5054e+00 1.4265e-01 1.8508e-01
7.5054e+00 1.5286e-01 1.8478e-01
7.5054e+00 1.6306e-01 1.8602e-01
7.5054e+00 1.7327e-01 1.8874e-01
7.5054e+00 1.8347e-01 1.9291e-01
7.5054e+00 1.9367e-01 1.9845e-01
7.5054e+00 2.0388e-01 2.0533e-01
7.5054e+00 2.1408e-01 2.1350e-01
7.5054e+00 2.2429e-01 2.2290e-01
7.5054e+00 2.3449e-01 2.3348e-01
7.5054e+00 2.4469e-01 2.4519e-01
7.5054e+00 2.5490e-01 2.5798e-01
7.5054e+00 2.6510e-01 2.7181e-01
7.5054e+00 2.7531e-01 2.8661e-01
7.5054e+00 2.8551e-01 3.0235e-01
7.5054e+00 2.9571e-01 3.1896e-01
7.5054e+00 3.0592e-01 3.3640e-01
7.5054e+00 3.1612e-01 3.5462e-01
7.5054e+00 3.2633e-01 3.7356e-01
7.5054e+00 3.3653e-01 3.9318e-01
7.5054e+00 3.4673e-01 4.1343e-01
7.5054e+00 3.5694e-01 4.3425e-01
7.5054e+00 3.6714e-01 4.5559e-01
7.5054e+00 3.7735e-01 4.7741e-01
7.5054e+00 3.8755e-01 4.9965e-01
7.5054e+00 3.9776e-01 5.2226e-01
7.5054e+00 4.0796e-01 5.4520e-01
7.5054e+00 4.1816e-01 5.6840e-01
7.5054e+00 4.2837e-01 5.9182e-01
7.5054e+00 4.3857e-01 6.1542e-01
7.5054e+00 4.4878e-01 6.3913e-01
7.5054e+00 4.5898e-01 6.6291e-01
7.5054e+00 4.6918e-01 6.8671e-01
7.5054e+00 4.7939e-01 7.1048e-01
7.5054e+00 4.8959e-01 7.3416e-01
7.5054e+00 4.9980e-01 7.5770e-01
7.5054e+00 5.1000e-01 7.8107e-01
7.1166e+00 1.0000e-02 2.6848e-01
7.1166e+00 2.0204e-02 2.4981e-01
7.1166e+00 3.0408e-02 2.3275e-01
7.1166e+00 4.0612e-02 2.1725e-01
7.1166e+00 5.0816e-02 2.0329e-01
7.1166e+00 6.1020e-02 1.9082e-01
7.1166e+00 7.1224e-02 1.7981e-01
7.1166e+00 8.1429e-02 1.7022e-01
7.1166e+00 9.1633e-02 1.6203e-01
7.1166e+00 1.0184e-01 1.5518e-01
7.1166e+00 1.1204e-01 1.4965e-01
7.1166e+00 1.2224e-01 1.4539e-01
7.1166e+00 1.3245e-01 1.4238e-01
7.1166e+00 1.4265e-01 1.4058e-01
7.1166e+00 1.5286e-01 1.3994e-01
7.1166e+00 1.6306e-01 1.4044e-01
7.1166e+00 1.7327e-01 1.4204e-01
7.1166e+00 1.8347e-01 1.4470e-01
7.1166e+00 1.9367e-01 1.4838e-01
7.1166e+00 2.0388e-01 1.5306e-01
7.1166e+00 2.1408e-01 1.5868e-01
7.1166e+00 2.2429e-01 1.6522e-01
7.1166e+00 2.3449e-01 1.7265e-01
7.1166e+00 2.4469e-01 1.8091e-01
7.1166e+00 2.5490e-01 1.8999e-01
7.1166e+00 2.6510e-01 1.9984e-01
7.1166e+00 2.7531e-01 2.1042e-01
7.1166e+00 2.8551e-01 2.2170e-01
7.1166e+00 2.9571e-01 2.3365e-01
7.1166e+00 3.0592e-01 2.4622e-01
7.1166e+00 3.1612e-01 2.5939e-01
7.1166e+00 3.2633e-01 2.7311e-01
7.1166e+00 3.3653e-01 2.8734e-01
7.1166e+00 3.4673e-01 3.0206e-01
7.1166e+00 3.5694e-01 3.1723e-01
7.1166e+00 3.6714e-01 3.3280e-01
7.1166e+00 3.7735e-01 3.4875e-01
7.1166e+00 3.8755e-01 3.6504e-01
7.1166e+00 3.9776e-01 3.8163e-01
7.1166e+00 4.0796e-01 3.9848e-01
7.1166e+00 4.1816e-01 4.1557e-01
7.1166e+00 4.2837e-01 4.3284e-01
7.1166e+00 4.3857e-01 4.5027e-01
7.1166e+00 4.4878e-01 4.6783e-01
7.1166e+00 4.5898e-01 4.8546e-01
7.1166e+00 4.6918e-01 5.0315e-01
7.1166e+00 4.7939e-01 5.2084e-01
7.1166e+00 4.8959e-01 5.3851e-01
7.1166e+00 4.9980e-01 5.5612e-01
7.1166e+00 5.1000e-01 5.7364e-01
6.7196e+00 1.0000e-02 2.2666e-01
6.7196e+00 2.0204e-02 2.1126e-01
6.7196e+00 3.0408e-02 1.9715e-01
6.7196e+00 4.0612e-02 1.8430e-01
6.7196e+00 5.0816e-02 1.7268e-01
6.7196e+00 6.1020e-02 1.6227e-01
6.7196e+00 7.1224e-02 1.5303e-01
6.7196e+00 8.1429e-02 1.4494e-01
6.7196e+00 9.1633e-02 1.3796e-01
6.7196e+00 1.0184e-01 1.3208e-01
6.7196e+00 1.1204e-01 1.2726e-01
6.7196e+00 1.2224e-01 1.2347e-01
6.7196e+00 1.3245e-01 1.2069e-01
6.7196e+00 1.4265e-01 1.1889e-01
6.7196e+00 1.5286e-01 1.1803e-01
6.7196e+00 1.6306e-01 1.1810e-01
6.7196e+00 1.7327e-01 1.1906e-01
6.7196e+00 1.8347e-01 1.2088e-01
6.7196e+00 1.9367e-01 1.2354e-01
6.7196e+00 2.0388e-01 1.2700e-01
6.7196e+00 2.1408e-01 1.3125e-01
6.7196e+00 2.2429e-01 1.3624e-01
6.7196e+00 2.3449e-01 1.4196e-01
6.7196e+00 2.4469e-01 1.4837e-01
6.7196e+00 2.5490e-01 1.5545e-01
6.7196e+00 2.6510e-01 1.6317e-01
6.7196e+00 2.7531e-01 1.7150e-01
6.7196e+00 2.8551e-01 1.8041e-01
6.7196e+00 2.9571e-01 1.8987e-01
6.7196e+00 3.0592e-01 1.9985e-01
6.7196e+00 3.1612e-01 2.1033e-01
6.7196e+00 3.2633e-01 2.2129e-01
6.7196e+00 3.3653e-01 2.3268e-01
6.7196e+00 3.4673e-01 2.4448e-01
6.7196e+00 3.5694e-01 2.5666e-01
6.7196e+00 3.6714e-01 2.6920e-01
6.7196e+00 3.7735e-01 2.8207e-01
6.7196e+00 3.8755e-01 2.9523e-01
6.7196e+00 3.9776e-01 3.0867e-01
6.7196e+00 4.0796e-01 3.2235e-01
6.7196e+00 4.1816e-01 3.3624e-01
6.7196e+00 4.2837e-01 3.5031e-01
6.7196e+00 4.3857e-01 3.6454e-01
6.7196e+00 4.4878e-01 3.7890e-01
6.7196e+00 4.5898e-01 3.9337e-01
6.7196e+00 4.6918e-01 4.0790e-01
6.7196e+00 4.7939e-01 4.2248e-01
6.7196e+00 4.8959e-01 4.3707e-01
6.7196e+00 4.9980e-01 4.5165e-01
6.7196e+00 5.1000e-01 4.6619e-01
6.3596e+00 1.0000e-02 1.7554e-01
6.3596e+00 2.0204e-02 1.6360e-01
6.3596e+00 3.0408e-02 1.5266e-01
6.3596e+00 4.0612e-02 1.4268e-01
6.3596e+00 5.0816e-02 1.3365e-01
6.3596e+00 6.1020e-02 1.2555e-01
6.3596e+00 7.1224e-02 1.1835e-01
6.3596e+00 8.1429e-02 1.1203e-01
6.3596e+00 9.1633e-02 1.0656e-01
6.3596e+00 1.0184e-01 1.0193e-01
6.3596e+00 1.1204e-01 9.8114e-02
6.3596e+00 1.2224e-01 9.5085e-02
6.3596e+00 1.3245e-01 9.2822e-02
6.3596e+00 1.4265e-01 9.1304e-02
6.3596e+00 1.5286e-01 9.0507e-02
6.3596e+00 1.6306e-01 9.0409e-02
6.3596e+00 1.7327e-01 9.0988e-02
6.3596e+00 1.8347e-01 9.2220e-02
6.3596e+00 1.9367e-01 9.4085e-02
6.3596e+00 2.0388e-01 9.6558e-02
6.3596e+00 2.1408e-01 9.9617e-02
6.3596e+00 2.2429e-01 1.0324e-01
6.3596e+00 2.3449e-01 1.0741e-01
6.3596e+00 2.4469e-01 1.1209e-01
6.3596e+00 2.5490e-01 1.1727e-01
6.3596e+00 2.6510e-01 1.2292e-01
6.3596e+00 2.7531e-01 1.2903e-01
6.3596e+00 2.8551e-01 1.3556e-01
6.3596e+00 2.9571e-01 1.4250e-01
6.3596e+00 3.0592e-01 1.4982e-01
6.3596e+00 3.1612e-01 1.5750e-01
6.3596e+00 3.2633e-01 1.6553e-01
6.3596e+00 3.3653e-01 1.7386e-01
6.3596e+00 3.4673e-01 1.8250e-01
6.3596e+00 3.5694e-01 1.9140e-01
6.3596e+00 3.6714e-01 2.0055e-01
6.3596e+00 3.7735e-01 2.0992e-01
6.3596e+00 3.8755e-01 2.1950e-01
6.3596e+00 3.9776e-01 2.2926e-01
6.3596e+00 4.0796e-01 2.3918e-01
6.3596e+00 4.1816e-01 2.4924e-01
6.3596e+00 4.2837e-01 2.5940e-01
6.3596e+00 4.3857e-01 2.6966e-01
6.3596e+00 4.4878e-01 2.7999e-01
6.3596e+00 4.5898e-01 2.9036e-01
6.3596e+00 4.6918e-01 3.0075e-01
6.3596e+00 4.7939e-01 3.1114e-01
6.3596e+00 4.8959e-01 3.2152e-01
6.3596e+00 4.9980e-01 3.3184e-01
6.3596e+00 5.1000e-01 3.4210e-01
5.9971e+00 1.0000e-02 1.2904e-01
5.9971e+00 2.0204e-02 1.2170e-01
5.9971e+00 3.0408e-02 1.1493e-01
5.9971e+00 4.0612e-02 1.0872e-01
5.9971e+00 5.0816e-02 1.0305e-01
5.9971e+00 6.1020e-02 9.7938e-02
5.9971e+00 7.1224e-02 9.3359e-02
5.9971e+00 8.1429e-02 8.9309e-02
5.9971e+00 9.1633e-02 8.5781e-02
5.9971e+00 1.0184e-01 8.2768e-02
5.9971e+00 1.1204e-01 8.0261e-02
5.9971e+00 1.2224e-01 7.8255e-02
5.9971e+00 1.3245e-01 7.6741e-02
5.9971e+00 1.4265e-01 7.5712e-02
5.9971e+00 1.5286e-01 7.5160e-02
5.9971e+00 1.6306e-01 7.5078e-02
5.9971e+00 1.7327e-01 7.5459e-02
5.9971e+00 1.8347e-01 7.6295e-02
5.9971e+00 1.9367e-01 7.7579e-02
5.9971e+00 2.0388e-01 7.9303e-02
5.9971e+00 2.1408e-01 8.1460e-02
5.9971e+00 2.2429e-01 8.4042e-02
5.9971e+00 2.3449e-01 8.7043e-02
5.9971e+00 2.4469e-01 9.0454e-02
5.9971e+00 2.5490e-01 9.4269e-02
5.9971e+00 2.6510e-01 9.8479e-02
5.9971e+00 2.7531e-01 1.0308e-01
5.9971e+00 2.8551e-01 1.0806e-01
5.9971e+00 2.9571e-01 1.1341e-01
5.9971e+00 3.0592e-01 1.1913e-01
5.9971e+00 3.1612e-01 1.2521e-01
5.9971e+00 3.2633e-01 1.3163e-01
5.9971e+00 3.3653e-01 1.3841e-01
5.9971e+00 3.4673e-01 1.4552e-01
5.9971e+00 3.5694e-01 1.5295e-01
5.9971e+00 3.6714e-01 1.6071e-01
5.9971e+00 3.7735e-01 1.6879e-01
5.9971e+00 3.8755e-01 1.7717e-01
5.9971e+00 3.9776e-01 1.8585e-01
5.9971e+00 4.0796e-01 1.9482e-01
5.9971e+00 4.1816e-01 2.0407e-01
5.9971e+00 4.2837e-01 2.1360e-01
5.9971e+00 4.3857e-01 2.2341e-01
5.9971e+00 4.4878e-01 2.3347e-01
5.9971e+00 4.5898e-01 2.4379e-01
5.9971e+00 4.6918e-01 2.5435e-01
5.9971e+00 4.7939e-01 2.6516e-01
5.9971e+00 4.8959e-01 2.7620e-01
5.9971e+00 4.9980e-01 2.8746e-01
5.9971e+00 5.1000e-01 2.9894e-01
