3.3644e+01 1.0000e-02 1.1188e+03
3.3644e+01 2.0204e-02 1.1416e+03
3.3644e+01 3.0408e-02 1.1611e+03
3.3644e+01 4.0612e-02 1.1797e+03
3.3644e+01 5.0816e-02 1.1998e+03
3.3644e+01 6.1020e-02 1.2238e+03
3.3644e+01 7.1224e-02 1.2541e+03
3.3644e+01 8.1429e-02 1.2931e+03
3.3644e+01 9.1633e-02 1.3432e+03
3.3644e+01 1.0184e-01 1.4068e+03
3.3644e+01 1.1204e-01 1.4864e+03
3.3644e+01 1.2224e-01 1.5842e+03
3.3644e+01 1.3245e-01 1.7028e+03
3.3644e+01 1.4265e-01 1.8444e+03
3.3644e+01 1.5286e-01 2.0116e+03
3.3644e+01 1.6306e-01 2.2067e+03
3.3644e+01 1.7327e-01 2.4321e+03
3.3644e+01 1.8347e-01 2.6902e+03
3.3644e+01 1.9367e-01 2.9835e+03
3.3644e+01 2.0388e-01 3.3142e+03
3.3644e+01 2.1408e-01 3.6849e+03
3.3644e+01 2.2429e-01 4.0978e+03
3.3644e+01 2.3449e-01 4.5555e+03
3.3644e+01 2.4469e-01 5.0603e+03
3.3644e+01 2.5490e-01 5.6146e+03
3.3644e+01 2.6510e-01 6.2209e+03
3.3644e+01 2.7531e-01 6.8814e+03
3.3644e+01 2.8551e-01 7.5987e+03
3.3644e+01 2.9571e-01 8.3751e+03
3.3644e+01 3.0592e-01 9.2130e+03
3.3644e+01 3.1612e-01 1.0115e+04
3.3644e+01 3.2633e-01 1.1083e+04
3.3644e+01 3.3653e-01 1.2120e+04
3.3644e+01 3.4673e-01 1.3228e+04
3.3644e+01 3.5694e-01 1.4409e+04
3.3644e+01 3.6714e-01 1.5667e+04
3.3644e+01 3.7735e-01 1.7002e+04
3.3644e+01 3.8755e-01 1.8419e+04
3.3644e+01 3.9776e-01 1.9918e+04
3.3644e+01 4.0796e-01 2.1504e+04
3.3644e+01 4.1816e-01 2.3177e+04
3.3644e+01 4.2837e-01 2.4940e+04
3.3644e+01 4.3857e-01 2.6796e+04
3.3644e+01 4.4878e-01 2.8747e+04
3.3644e+01 4.5898e-01 3.0796e+04
3.3644e+01 4.6918e-01 3.2945e+04
3.3644e+01 4.7939e-01 3.5196e+04
3.3644e+01 4.8959e-01 3.7551e+04
3.3644e+01 4.9980e-01 4.0014e+04
3.3644e+01 5.1000e-01 4.2586e+04
3.2033e+01 1.0000e-02 1.0555e+03
3.2033e+01 2.0204e-02 1.0435e+03
3.2033e+01 3.0408e-02 1.0311e+03
3.2033e+01 4.0612e-02 1.0200e+03
3.2033e+01 5.0816e-02 1.0118e+03
3.2033e+01 6.1020e-02 1.0081e+03
3.2033e+01 7.1224e-02 1.0105e+03
3.2033e+01 8.1429e-02 1.0205e+03
3.2033e+01 9.1633e-02 1.0398e+03
3.2033e+01 1.0184e-01 1.0700e+03
3.2033e+01 1.1204e-01 1.1126e+03
3.2033e+01 1.2224e-01 1.1693e+03
3.2033e+01 1.3245e-01 1.2416e+03
3.2033e+01 1.4265e-01 1.3312e+03
3.2033e+01 1.5286e-01 1.4396e+03
3.2033e+01 1.6306e-01 1.5685e+03
3.2033e+01 1.7327e-01 1.7194e+03
3.2033e+01 1.8347e-01 1.8939e+03
3.2033e+01 1.9367e-01 2.0937e+03
3.2033e+01 2.0388e-01 2.3203e+03
3.2033e+01 2.1408e-01 2.5753e+03
3.2033e+01 2.2429e-01 2.8604e+03
3.2033e+01 2.3449e-01 3.1770e+03
3.2033e+01 2.4469e-01 3.5269e+03
3.2033e+01 2.5490e-01 3.9116e+03
3.2033e+01 2.6510e-01 4.3327e+03
3.2033e+01 2.7531e-01 4.7917e+03
3.2033e+01 2.8551e-01 5.2904e+03
3.2033e+01 2.9571e-01 5.8303e+03
3.2033e+01 3.0592e-01 6.4130e+03
3.2033e+01 3.1612e-01 7.0400e+03
3.2033e+01 3.2633e-01 7.7131e+03
3.2033e+01 3.3653e-01 8.4337e+03
3.2033e+01 3.4673e-01 9.2035e+03
3.2033e+01 3.5694e-01 1.0024e+04
3.2033e+01 3.6714e-01 1.0897e+04
3.2033e+01 3.7735e-01 1.1824e+04
3.2033e+01 3.8755e-01 1.2806e+04
3.2033e+01 3.9776e-01 1.3846e+04
3.2033e+01 4.0796e-01 1.4944e+04
3.2033e+01 4.1816e-01 1.6103e+04
3.2033e+01 4.2837e-01 1.7324e+04
3.2033e+01 4.3857e-01 1.8608e+04
3.2033e+01 4.4878e-01 1.9957e+04
3.2033e+01 4.5898e-01 2.1373e+04
3.2033e+01 4.6918e-01 2.2858e+04
3.2033e+01 4.7939e-01 2.4412e+04
3.2033e+01 4.8959e-01 2.6038e+04
3.2033e+01 4.9980e-01 2.7737e+04
3.2033e+01 5.1000e-01 2.9510e+04
3.0565e+01 1.0000e-02 9.9704e+02
3.0565e+01 2.0204e-02 9.6595e+02
3.0565e+01 3.0408e-02 9.3584e+02
3.0565e+01 4.0612e-02 9.0780e+02
3.0565e+01 5.0816e-02 8.8291e+02
3.0565e+01 6.1020e-02 8.6225e+02
3.0565e+01 7.1224e-02 8.4692e+02
3.0565e+01 8.1429e-02 8.3800e+02
3.0565e+01 9.1633e-02 8.3656e+02
3.0565e+01 1.0184e-01 8.4370e+02
3.0565e+01 1.1204e-01 8.6050e+02
3.0565e+01 1.2224e-01 8.8805e+02
3.0565e+01 1.3245e-01 9.2743e+02
3.0565e+01 1.4265e-01 9.7972e+02
3.0565e+01 1.5286e-01 1.0460e+03
3.0565e+01 1.6306e-01 1.1274e+03
3.0565e+01 1.7327e-01 1.2249e+03
3.0565e+01 1.8347e-01 1.3397e+03
3.0565e+01 1.9367e-01 1.4729e+03
3.0565e+01 2.0388e-01 1.6255e+03
3.0565e+01 2.1408e-01 1.7985e+03
3.0565e+01 2.2429e-01 1.9932e+03
3.0565e+01 2.3449e-01 2.2106e+03
3.0565e+01 2.4469e-01 2.4517e+03
3.0565e+01 2.5490e-01 2.7177e+03
3.0565e+01 2.6510e-01 3.0096e+03
3.0565e+01 2.7531e-01 3.3285e+03
3.0565e+01 2.8551e-01 3.6755e+03
3.0565e+01 2.9571e-01 4.0517e+03
3.0565e+01 3.0592e-01 4.4582e+03
3.0565e+01 3.1612e-01 4.8961e+03
3.0565e+01 3.2633e-01 5.3664e+03
3.0565e+01 3.3653e-01 5.8702e+03
3.0565e+01 3.4673e-01 6.4086e+03
3.0565e+01 3.5694e-01 6.9828e+03
3.0565e+01 3.6714e-01 7.5937e+03
3.0565e+01 3.7735e-01 8.2425e+03
3.0565e+01 3.8755e-01 8.9302e+03
3.0565e+01 3.9776e-01 9.6580e+03
3.0565e+01 4.0796e-01 1.0427e+04
3.0565e+01 4.1816e-01 1.1238e+04
3.0565e+01 4.2837e-01 1.2092e+04
3.0565e+01 4.3857e-01 1.2991e+04
3.0565e+01 4.4878e-01 1.3935e+04
3.0565e+01 4.5898e-01 1.4926e+04
3.0565e+01 4.6918e-01 1.5965e+04
3.0565e+01 4.7939e-01 1.7052e+04
3.0565e+01 4.8959e-01 1.8189e+04
3.0565e+01 4.9980e-01 1.9377e+04
3.0565e+01 5.1000e-01 2.0616e+04
2.9221e+01 1.0000e-02 9.6012e+02
2.9221e+01 2.0204e-02 9.0918e+02
2.9221e+01 3.0408e-02 8.6104e+02
2.9221e+01 4.0612e-02 8.1639e+02
2.9221e+01 5.0816e-02 7.7591e+02
2.9221e+01 6.1020e-02 7.4026e+02
2.9221e+01 7.1224e-02 7.1012e+02
2.9221e+01 8.1429e-02 6.8618e+02
2.9221e+01 9.1633e-02 6.6911e+02
2.9221e+01 1.0184e-01 6.5959e+02
2.9221e+01 1.1204e-01 6.5829e+02
2.9221e+01 1.2224e-01 6.6589e+02
2.9221e+01 1.3245e-01 6.8307e+02
2.9221e+01 1.4265e-01 7.1051e+02
2.9221e+01 1.5286e-01 7.4887e+02
2.9221e+01 1.6306e-01 7.9885e+02
2.9221e+01 1.7327e-01 8.6111e+02
2.9221e+01 1.8347e-01 9.3634e+02
2.9221e+01 1.9367e-01 1.0252e+03
2.9221e+01 2.0388e-01 1.1284e+03
2.9221e+01 2.1408e-01 1.2466e+03
2.9221e+01 2.2429e-01 1.3804e+03
2.9221e+01 2.3449e-01 1.5306e+03
2.9221e+01 2.4469e-01 1.6978e+03
2.9221e+01 2.5490e-01 1.8828e+03
2.9221e+01 2.6510e-01 2.0861e+03
2.9221e+01 2.7531e-01 2.3085e+03
2.9221e+01 2.8551e-01 2.5506e+03
2.9221e+01 2.9571e-01 2.8131e+03
2.9221e+01 3.0592e-01 3.0967e+03
2.9221e+01 3.1612e-01 3.4020e+03
2.9221e+01 3.2633e-01 3.7298e+03
2.9221e+01 3.3653e-01 4.0808e+03
2.9221e+01 3.4673e-01 4.4555e+03
2.9221e+01 3.5694e-01 4.8547e+03
2.9221e+01 3.6714e-01 5.2790e+03
2.9221e+01 3.7735e-01 5.7292e+03
2.9221e+01 3.8755e-01 6.2059e+03
2.9221e+01 3.9776e-01 6.7097e+03
2.9221e+01 4.0796e-01 7.2414e+03
2.9221e+01 4.1816e-01 7.8017e+03
2.9221e+01 4.2837e-01 8.3912e+03
2.9221e+01 4.3857e-01 9.0105e+03
2.9221e+01 4.4878e-01 9.6604e+03
2.9221e+01 4.5898e-01 1.0342e+04
2.9221e+01 4.6918e-01 1.1055e+04
2.9221e+01 4.7939e-01 1.1800e+04
2.9221e+01 4.8959e-01 1.2579e+04
2.9221e+01 4.9980e-01 1.3392e+04
2.9221e+01 5.1000e-01 1.4240e+04
2.7988e+01 1.0000e-02 9.3283e+02
2.7988e+01 2.0204e-02 8.6713e+02
2.7988e+01 3.0408e-02 8.0556e+02
2.7988e+01 4.0612e-02 7.4850e+02
2.7988e+01 5.0816e-02 6.9637e+02
2.7988e+01 6.1020e-02 6.4955e+02
2.7988e+01 7.1224e-02 6.0846e+02
2.7988e+01 8.1429e-02 5.7350e+02
2.7988e+01 9.1633e-02 5.4506e+02
2.7988e+01 1.0184e-01 5.2355e+02
2.7988e+01 1.1204e-01 5.0936e+02
2.7988e+01 1.2224e-01 5.0290e+02
2.7988e+01 1.3245e-01 5.0457e+02
2.7988e+01 1.4265e-01 5.1477e+02
2.7988e+01 1.5286e-01 5.3391e+02
2.7988e+01 1.6306e-01 5.6237e+02
2.7988e+01 1.7327e-01 6.0057e+02
2.7988e+01 1.8347e-01 6.4890e+02
2.7988e+01 1.9367e-01 7.0777e+02
2.7988e+01 2.0388e-01 7.7757e+02
2.7988e+01 2.1408e-01 8.5872e+02
2.7988e+01 2.2429e-01 9.5159e+02
2.7988e+01 2.3449e-01 1.0566e+03
2.7988e+01 2.4469e-01 1.1742e+03
2.7988e+01 2.5490e-01 1.3047e+03
2.7988e+01 2.6510e-01 1.4485e+03
2.7988e+01 2.7531e-01 1.6061e+03
2.7988e+01 2.8551e-01 1.7778e+03
2.7988e+01 2.9571e-01 1.9641e+03
2.7988e+01 3.0592e-01 2.1653e+03
2.7988e+01 3.1612e-01 2.3819e+03
2.7988e+01 3.2633e-01 2.6142e+03
2.7988e+01 3.3653e-01 2.8627e+03
2.7988e+01 3.4673e-01 3.1277e+03
2.7988e+01 3.5694e-01 3.4097e+03
2.7988e+01 3.6714e-01 3.7090e+03
2.7988e+01 3.7735e-01 4.0261e+03
2.7988e+01 3.8755e-01 4.3613e+03
2.7988e+01 3.9776e-01 4.7151e+03
2.7988e+01 4.0796e-01 5.0878e+03
2.7988e+01 4.1816e-01 5.4799e+03
2.7988e+01 4.2837e-01 5.8918e+03
2.7988e+01 4.3857e-01 6.3238e+03
2.7988e+01 4.4878e-01 6.7764e+03
2.7988e+01 4.5898e-01 7.2499e+03
2.7988e+01 4.6918e-01 7.7448e+03
2.7988e+01 4.7939e-01 8.2615e+03
2.7988e+01 4.8959e-01 8.8003e+03
2.7988e+01 4.9980e-01 9.3617e+03
2.7988e+01 5.1000e-01 9.9461e+03
2.6315e+01 1.0000e-02 9.2206e+02
2.6315e+01 2.0204e-02 8.4914e+02
2.6315e+01 3.0408e-02 7.8086e+02
2.6315e+01 4.0612e-02 7.1746e+02
2.6315e+01 5.0816e-02 6.5916e+02
2.6315e+01 6.1020e-02 6.0617e+02
2.6315e+01 7.1224e-02 5.5872e+02
2.6315e+01 8.1429e-02 5.1702e+02
2.6315e+01 9.1633e-02 4.8131e+02
2.6315e+01 1.0184e-01 4.5180e+02
2.6315e+01 1.1204e-01 4.2872e+02
2.6315e+01 1.2224e-01 4.1228e+02
2.6315e+01 1.3245e-01 4.0271e+02
2.6315e+01 1.4265e-01 4.0023e+02
2.6315e+01 1.5286e-01 4.0506e+02
2.6315e+01 1.6306e-01 4.1743e+02
2.6315e+01 1.7327e-01 4.3755e+02
2.6315e+01 1.8347e-01 4.6564e+02
2.6315e+01 1.9367e-01 5.0194e+02
2.6315e+01 2.0388e-01 5.4665e+02
2.6315e+01 2.1408e-01 6.0001e+02
2.6315e+01 2.2429e-01 6.6222e+02
2.6315e+01 2.3449e-01 7.3353e+02
2.6315e+01 2.4469e-01 8.1414e+02
2.6315e+01 2.5490e-01 9.0428e+02
2.6315e+01 2.6510e-01 1.0042e+03
2.6315e+01 2.7531e-01 1.1140e+03
2.6315e+01 2.8551e-01 1.2341e+03
2.6315e+01 2.9571e-01 1.3646e+03
2.6315e+01 3.0592e-01 1.5057e+03
2.6315e+01 3.1612e-01 1.6576e+03
2.6315e+01 3.2633e-01 1.8207e+03
2.6315e+01 3.3653e-01 1.9950e+03
2.6315e+01 3.4673e-01 2.1809e+03
2.6315e+01 3.5694e-01 2.3785e+03
2.6315e+01 3.6714e-01 2.5881e+03
2.6315e+01 3.7735e-01 2.8099e+03
2.6315e+01 3.8755e-01 3.0441e+03
2.6315e+01 3.9776e-01 3.2909e+03
2.6315e+01 4.0796e-01 3.5505e+03
2.6315e+01 4.1816e-01 3.8233e+03
2.6315e+01 4.2837e-01 4.1093e+03
2.6315e+01 4.3857e-01 4.4089e+03
2.6315e+01 4.4878e-01 4.7222e+03
2.6315e+01 4.5898e-01 5.0495e+03
2.6315e+01 4.6918e-01 5.3909e+03
2.6315e+01 4.7939e-01 5.7468e+03
2.6315e+01 4.8959e-01 6.1173e+03
2.6315e+01 4.9980e-01 6.5026e+03
2.6315e+01 5.1000e-01 6.9030e+03
2.5304e+01 1.0000e-02 9.1155e+02
2.5304e+01 2.0204e-02 8.3221e+02
2.5304e+01 3.0408e-02 7.5803e+02
2.5304e+01 4.0612e-02 6.8910e+02
2.5304e+01 5.0816e-02 6.2551e+02
2.5304e+01 6.1020e-02 5.6736e+02
2.5304e+01 7.1224e-02 5.1473e+02
2.5304e+01 8.1429e-02 4.6772e+02
2.5304e+01 9.1633e-02 4.2641e+02
2.5304e+01 1.0184e-01 3.9089e+02
2.5304e+01 1.1204e-01 3.6126e+02
2.5304e+01 1.2224e-01 3.3761e+02
2.5304e+01 1.3245e-01 3.2002e+02
2.5304e+01 1.4265e-01 3.0860e+02
2.5304e+01 1.5286e-01 3.0342e+02
2.5304e+01 1.6306e-01 3.0458e+02
2.5304e+01 1.7327e-01 3.1216e+02
2.5304e+01 1.8347e-01 3.2627e+02
2.5304e+01 1.9367e-01 3.4699e+02
2.5304e+01 2.0388e-01 3.7441e+02
2.5304e+01 2.1408e-01 4.0862e+02
2.5304e+01 2.2429e-01 4.4971e+02
2.5304e+01 2.3449e-01 4.9777e+02
2.5304e+01 2.4469e-01 5.5290e+02
2.5304e+01 2.5490e-01 6.1517e+02
2.5304e+01 2.6510e-01 6.8470e+02
2.5304e+01 2.7531e-01 7.6155e+02
2.5304e+01 2.8551e-01 8.4584e+02
2.5304e+01 2.9571e-01 9.3763e+02
2.5304e+01 3.0592e-01 1.0370e+03
2.5304e+01 3.1612e-01 1.1441e+03
2.5304e+01 3.2633e-01 1.2590e+03
2.5304e+01 3.3653e-01 1.3818e+03
2.5304e+01 3.4673e-01 1.5125e+03
2.5304e+01 3.5694e-01 1.6513e+03
2.5304e+01 3.6714e-01 1.7983e+03
2.5304e+01 3.7735e-01 1.9534e+03
2.5304e+01 3.8755e-01 2.1169e+03
2.5304e+01 3.9776e-01 2.2889e+03
2.5304e+01 4.0796e-01 2.4693e+03
2.5304e+01 4.1816e-01 2.6584e+03
2.5304e+01 4.2837e-01 2.8561e+03
2.5304e+01 4.3857e-01 3.0626e+03
2.5304e+01 4.4878e-01 3.2780e+03
2.5304e+01 4.5898e-01 3.5024e+03
2.5304e+01 4.6918e-01 3.7358e+03
2.5304e+01 4.7939e-01 3.9783e+03
2.5304e+01 4.8959e-01 4.2301e+03
2.5304e+01 4.9980e-01 4.4912e+03
2.5304e+01 5.1000e-01 4.7618e+03
2.3919e+01 1.0000e-02 7.0689e+02
2.3919e+01 2.0204e-02 6.4626e+02
2.3919e+01 3.0408e-02 5.8947e+02
2.3919e+01 4.0612e-02 5.3659e+02
2.3919e+01 5.0816e-02 4.8768e+02
2.3919e+01 6.1020e-02 4.4279e+02
2.3919e+01 7.1224e-02 4.0198e+02
2.3919e+01 8.1429e-02 3.6531e+02
2.3919e+01 9.1633e-02 3.3285e+02
2.3919e+01 1.0184e-01 3.0464e+02
2.3919e+01 1.1204e-01 2.8074e+02
2.3919e+01 1.2224e-01 2.6123e+02
2.3919e+01 1.3245e-01 2.4614e+02
2.3919e+01 1.4265e-01 2.3555e+02
2.3919e+01 1.5286e-01 2.2951e+02
2.3919e+01 1.6306e-01 2.2807e+02
2.3919e+01 1.7327e-01 2.3131e+02
2.3919e+01 1.8347e-01 2.3927e+02
2.3919e+01 1.9367e-01 2.5201e+02
2.3919e+01 2.0388e-01 2.6959e+02
2.3919e+01 2.1408e-01 2.9208e+02
2.3919e+01 2.2429e-01 3.1952e+02
2.3919e+01 2.3449e-01 3.5199e+02
2.3919e+01 2.4469e-01 3.8953e+02
2.3919e+01 2.5490e-01 4.3220e+02
2.3919e+01 2.6510e-01 4.8007e+02
2.3919e+01 2.7531e-01 5.3319e+02
2.3919e+01 2.8551e-01 5.9162e+02
2.3919e+01 2.9571e-01 6.5541e+02
2.3919e+01 3.0592e-01 7.2464e+02
2.3919e+01 3.1612e-01 7.9935e+02
2.3919e+01 3.2633e-01 8.7960e+02
2.3919e+01 3.3653e-01 9.6545e+02
2.3919e+01 3.4673e-01 1.0570e+03
2.3919e+01 3.5694e-01 1.1542e+03
2.3919e+01 3.6714e-01 1.2572e+03
2.3919e+01 3.7735e-01 1.3661e+03
2.3919e+01 3.8755e-01 1.4808e+03
2.3919e+01 3.9776e-01 1.6015e+03
2.3919e+01 4.0796e-01 1.7282e+03
2.3919e+01 4.1816e-01 1.8610e+03
2.3919e+01 4.2837e-01 1.9999e+03
2.3919e+01 4.3857e-01 2.1450e+03
2.3919e+01 4.4878e-01 2.2963e+03
2.3919e+01 4.5898e-01 2.4540e+03
2.3919e+01 4.6918e-01 2.6180e+03
2.3919e+01 4.7939e-01 2.7884e+03
2.3919e+01 4.8959e-01 2.9653e+03
2.3919e+01 4.9980e-01 3.1487e+03
2.3919e+01 5.1000e-01 3.3388e+03
2.2673e+01 1.0000e-02 4.5331e+02
2.2673e+01 2.0204e-02 4.1684e+02
2.2673e+01 3.0408e-02 3.8261e+02
2.2673e+01 4.0612e-02 3.5067e+02
2.2673e+01 5.0816e-02 3.2109e+02
2.2673e+01 6.1020e-02 2.9391e+02
2.2673e+01 7.1224e-02 2.6920e+02
2.2673e+01 8.1429e-02 2.4701e+02
2.2673e+01 9.1633e-02 2.2739e+02
2.2673e+01 1.0184e-01 2.1040e+02
2.2673e+01 1.1204e-01 1.9609e+02
2.2673e+01 1.2224e-01 1.8453e+02
2.2673e+01 1.3245e-01 1.7577e+02
2.2673e+01 1.4265e-01 1.6985e+02
2.2673e+01 1.5286e-01 1.6685e+02
2.2673e+01 1.6306e-01 1.6681e+02
2.2673e+01 1.7327e-01 1.6979e+02
2.2673e+01 1.8347e-01 1.7584e+02
2.2673e+01 1.9367e-01 1.8502e+02
2.2673e+01 2.0388e-01 1.9739e+02
2.2673e+01 2.1408e-01 2.1300e+02
2.2673e+01 2.2429e-01 2.3191e+02
2.2673e+01 2.3449e-01 2.5417e+02
2.2673e+01 2.4469e-01 2.7984e+02
2.2673e+01 2.5490e-01 3.0897e+02
2.2673e+01 2.6510e-01 3.4162e+02
2.2673e+01 2.7531e-01 3.7785e+02
2.2673e+01 2.8551e-01 4.1771e+02
2.2673e+01 2.9571e-01 4.6125e+02
2.2673e+01 3.0592e-01 5.0853e+02
2.2673e+01 3.1612e-01 5.5962e+02
2.2673e+01 3.2633e-01 6.1455e+02
2.2673e+01 3.3653e-01 6.7339e+02
2.2673e+01 3.4673e-01 7.3620e+02
2.2673e+01 3.5694e-01 8.0303e+02
2.2673e+01 3.6714e-01 8.7393e+02
2.2673e+01 3.7735e-01 9.4896e+02
2.2673e+01 3.8755e-01 1.0282e+03
2.2673e+01 3.9776e-01 1.1116e+03
2.2673e+01 4.0796e-01 1.1994e+03
2.2673e+01 4.1816e-01 1.2915e+03
2.2673e+01 4.2837e-01 1.3880e+03
2.2673e+01 4.3857e-01 1.4890e+03
2.2673e+01 4.4878e-01 1.5945e+03
2.2673e+01 4.5898e-01 1.7046e+03
2.2673e+01 4.6918e-01 1.8193e+03
2.2673e+01 4.7939e-01 1.9387e+03
2.2673e+01 4.8959e-01 2.0629e+03
2.2673e+01 4.9980e-01 2.1918e+03
2.2673e+01 5.1000e-01 2.3256e+03
2.1546e+01 1.0000e-02 3.3200e+02
2.1546e+01 2.0204e-02 3.0273e+02
2.1546e+01 3.0408e-02 2.7538e+02
2.1546e+01 4.0612e-02 2.4998e+02
2.1546e+01 5.0816e-02 2.2657e+02
2.1546e+01 6.1020e-02 2.0515e+02
2.1546e+01 7.1224e-02 1.8577e+02
2.1546e+01 8.1429e-02 1.6843e+02
2.1546e+01 9.1633e-02 1.5316e+02
2.1546e+01 1.0184e-01 1.4000e+02
2.1546e+01 1.1204e-01 1.2896e+02
2.1546e+01 1.2224e-01 1.2007e+02
2.1546e+01 1.3245e-01 1.1334e+02
2.1546e+01 1.4265e-01 1.0882e+02
2.1546e+01 1.5286e-01 1.0651e+02
2.1546e+01 1.6306e-01 1.0645e+02
2.1546e+01 1.7327e-01 1.0866e+02
2.1546e+01 1.8347e-01 1.1315e+02
2.1546e+01 1.9367e-01 1.1997e+02
2.1546e+01 2.0388e-01 1.2913e+02
2.1546e+01 2.1408e-01 1.4065e+02
2.1546e+01 2.2429e-01 1.5456e+02
2.1546e+01 2.3449e-01 1.7089e+02
2.1546e+01 2.4469e-01 1.8965e+02
2.1546e+01 2.5490e-01 2.1088e+02
2.1546e+01 2.6510e-01 2.3459e+02
2.1546e+01 2.7531e-01 2.6081e+02
2.1546e+01 2.8551e-01 2.8957e+02
2.1546e+01 2.9571e-01 3.2088e+02
2.1546e+01 3.0592e-01 3.5478e+02
2.1546e+01 3.1612e-01 3.9129e+02
2.1546e+01 3.2633e-01 4.3043e+02
2.1546e+01 3.3653e-01 4.7222e+02
2.1546e+01 3.4673e-01 5.1670e+02
2.1546e+01 3.5694e-01 5.6387e+02
2.1546e+01 3.6714e-01 6.1378e+02
2.1546e+01 3.7735e-01 6.6644e+02
2.1546e+01 3.8755e-01 7.2188e+02
2.1546e+01 3.9776e-01 7.8012e+02
2.1546e+01 4.0796e-01 8.4118e+02
2.1546e+01 4.1816e-01 9.0509e+02
2.1546e+01 4.2837e-01 9.7188e+02
2.1546e+01 4.3857e-01 1.0416e+03
2.1546e+01 4.4878e-01 1.1142e+03
2.1546e+01 4.5898e-01 1.1897e+03
2.1546e+01 4.6918e-01 1.2682e+03
2.1546e+01 4.7939e-01 1.3498e+03
2.1546e+01 4.8959e-01 1.4343e+03
2.1546e+01 4.9980e-01 1.5219e+03
2.1546e+01 5.1000e-01 1.6125e+03
2.0521e+01 1.0000e-02 2.4996e+02
2.0521e+01 2.0204e-02 2.2834e+02
2.0521e+01 3.0408e-02 2.0811e+02
2.0521e+01 4.0612e-02 1.8929e+02
2.0521e+01 5.0816e-02 1.7190e+02
2.0521e+01 6.1020e-02 1.5594e+02
2.0521e+01 7.1224e-02 1.4144e+02
2.0521e+01 8.1429e-02 1.2841e+02
2.0521e+01 9.1633e-02 1.1687e+02
2.0521e+01 1.0184e-01 1.0683e+02
2.0521e+01 1.1204e-01 9.8322e+01
2.0521e+01 1.2224e-01 9.1349e+01
2.0521e+01 1.3245e-01 8.5931e+01
2.0521e+01 1.4265e-01 8.2085e+01
2.0521e+01 1.5286e-01 7.9827e+01
2.0521e+01 1.6306e-01 7.9173e+01
2.0521e+01 1.7327e-01 8.0141e+01
2.0521e+01 1.8347e-01 8.2747e+01
2.0521e+01 1.9367e-01 8.7008e+01
2.0521e+01 2.0388e-01 9.2939e+01
2.0521e+01 2.1408e-01 1.0056e+02
2.0521e+01 2.2429e-01 1.0988e+02
2.0521e+01 2.3449e-01 1.2092e+02
2.0521e+01 2.4469e-01 1.3370e+02
2.0521e+01 2.5490e-01 1.4824e+02
2.0521e+01 2.6510e-01 1.6454e+02
2.0521e+01 2.7531e-01 1.8263e+02
2.0521e+01 2.8551e-01 2.0252e+02
2.0521e+01 2.9571e-01 2.2424e+02
2.0521e+01 3.0592e-01 2.4778e+02
2.0521e+01 3.1612e-01 2.7319e+02
2.0521e+01 3.2633e-01 3.0046e+02
2.0521e+01 3.3653e-01 3.2961e+02
2.0521e+01 3.4673e-01 3.6067e+02
2.0521e+01 3.5694e-01 3.9365e+02
2.0521e+01 3.6714e-01 4.2856e+02
2.0521e+01 3.7735e-01 4.6543e+02
2.0521e+01 3.8755e-01 5.0426e+02
2.0521e+01 3.9776e-01 5.4508e+02
2.0521e+01 4.0796e-01 5.8790e+02
2.0521e+01 4.1816e-01 6.3273e+02
2.0521e+01 4.2837e-01 6.7960e+02
2.0521e+01 4.3857e-01 7.2853e+02
2.0521e+01 4.4878e-01 7.7952e+02
2.0521e+01 4.5898e-01 8.3259e+02
2.0521e+01 4.6918e-01 8.8776e+02
2.0521e+01 4.7939e-01 9.4505e+02
2.0521e+01 4.8959e-01 1.0045e+03
2.0521e+01 4.9980e-01 1.0661e+03
2.0521e+01 5.1000e-01 1.1298e+03
1.9586e+01 1.0000e-02 1.5551e+02
1.9586e+01 2.0204e-02 1.4281e+02
1.9586e+01 3.0408e-02 1.3093e+02
1.9586e+01 4.0612e-02 1.1986e+02
1.9586e+01 5.0816e-02 1.0964e+02
1.9586e+01 6.1020e-02 1.0027e+02
1.9586e+01 7.1224e-02 9.1777e+01
1.9586e+01 8.1429e-02 8.4174e+01
1.9586e+01 9.1633e-02 7.7478e+01
1.9586e+01 1.0184e-01 7.1706e+01
1.9586e+01 1.1204e-01 6.6876e+01
1.9586e+01 1.2224e-01 6.3003e+01
1.9586e+01 1.3245e-01 6.0105e+01
1.9586e+01 1.4265e-01 5.8199e+01
1.9586e+01 1.5286e-01 5.7302e+01
1.9586e+01 1.6306e-01 5.7429e+01
1.9586e+01 1.7327e-01 5.8599e+01
1.9586e+01 1.8347e-01 6.0828e+01
1.9586e+01 1.9367e-01 6.4133e+01
1.9586e+01 2.0388e-01 6.8530e+01
1.9586e+01 2.1408e-01 7.4037e+01
1.9586e+01 2.2429e-01 8.0671e+01
1.9586e+01 2.3449e-01 8.8448e+01
1.9586e+01 2.4469e-01 9.7384e+01
1.9586e+01 2.5490e-01 1.0750e+02
1.9586e+01 2.6510e-01 1.1881e+02
1.9586e+01 2.7531e-01 1.3132e+02
1.9586e+01 2.8551e-01 1.4507e+02
1.9586e+01 2.9571e-01 1.6006e+02
1.9586e+01 3.0592e-01 1.7631e+02
1.9586e+01 3.1612e-01 1.9384e+02
1.9586e+01 3.2633e-01 2.1266e+02
1.9586e+01 3.3653e-01 2.3280e+02
1.9586e+01 3.4673e-01 2.5426e+02
1.9586e+01 3.5694e-01 2.7707e+02
1.9586e+01 3.6714e-01 3.0124e+02
1.9586e+01 3.7735e-01 3.2679e+02
1.9586e+01 3.8755e-01 3.5374e+02
1.9586e+01 3.9776e-01 3.8210e+02
1.9586e+01 4.0796e-01 4.1189e+02
1.9586e+01 4.1816e-01 4.4312e+02
1.9586e+01 4.2837e-01 4.7582e+02
1.9586e+01 4.3857e-01 5.1000e+02
1.9586e+01 4.4878e-01 5.4567e+02
1.9586e+01 4.5898e-01 5.8286e+02
1.9586e+01 4.6918e-01 6.2158e+02
1.9586e+01 4.7939e-01 6.6185e+02
1.9586e+01 4.8959e-01 7.0368e+02
1.9586e+01 4.9980e-01 7.4709e+02
1.9586e+01 5.1000e-01 7.9210e+02
1.8458e+01 1.0000e-02 1.1781e+02
1.8458e+01 2.0204e-02 1.0840e+02
1.8458e+01 3.0408e-02 9.9564e+01
1.8458e+01 4.0612e-02 9.1321e+01
1.8458e+01 5.0816e-02 8.3683e+01
1.8458e+01 6.1020e-02 7.6661e+01
1.8458e+01 7.1224e-02 7.0268e+01
1.8458e+01 8.1429e-02 6.4514e+01
1.8458e+01 9.1633e-02 5.9413e+01
1.8458e+01 1.0184e-01 5.4976e+01
1.8458e+01 1.1204e-01 5.1215e+01
1.8458e+01 1.2224e-01 4.8142e+01
1.8458e+01 1.3245e-01 4.5769e+01
1.8458e+01 1.4265e-01 4.4108e+01
1.8458e+01 1.5286e-01 4.3170e+01
1.8458e+01 1.6306e-01 4.2969e+01
1.8458e+01 1.7327e-01 4.3515e+01
1.8458e+01 1.8347e-01 4.4821e+01
1.8458e+01 1.9367e-01 4.6898e+01
1.8458e+01 2.0388e-01 4.9759e+01
1.8458e+01 2.1408e-01 5.3416e+01
1.8458e+01 2.2429e-01 5.7880e+01
1.8458e+01 2.3449e-01 6.3163e+01
1.8458e+01 2.4469e-01 6.9278e+01
1.8458e+01 2.5490e-01 7.6236e+01
1.8458e+01 2.6510e-01 8.4050e+01
1.8458e+01 2.7531e-01 9.2730e+01
1.8458e+01 2.8551e-01 1.0229e+02
1.8458e+01 2.9571e-01 1.1274e+02
1.8458e+01 3.0592e-01 1.2409e+02
1.8458e+01 3.1612e-01 1.3636e+02
1.8458e+01 3.2633e-01 1.4956e+02
1.8458e+01 3.3653e-01 1.6369e+02
1.8458e+01 3.4673e-01 1.7878e+02
1.8458e+01 3.5694e-01 1.9483e+02
1.8458e+01 3.6714e-01 2.1185e+02
1.8458e+01 3.7735e-01 2.2986e+02
1.8458e+01 3.8755e-01 2.4887e+02
1.8458e+01 3.9776e-01 2.6888e+02
1.8458e+01 4.0796e-01 2.8993e+02
1.8458e+01 4.1816e-01 3.1200e+02
1.8458e+01 4.2837e-01 3.3512e+02
1.8458e+01 4.3857e-01 3.5930e+02
1.8458e+01 4.4878e-01 3.8455e+02
1.8458e+01 4.5898e-01 4.1089e+02
1.8458e+01 4.6918e-01 4.3831e+02
1.8458e+01 4.7939e-01 4.6685e+02
1.8458e+01 4.8959e-01 4.9650e+02
1.8458e+01 4.9980e-01 5.2728e+02
1.8458e+01 5.1000e-01 5.5920e+02
1.7690e+01 1.0000e-02 8.7537e+01
1.7690e+01 2.0204e-02 8.0298e+01
1.7690e+01 3.0408e-02 7.3514e+01
1.7690e+01 4.0612e-02 6.7194e+01
1.7690e+01 5.0816e-02 6.1342e+01
1.7690e+01 6.1020e-02 5.5966e+01
1.7690e+01 7.1224e-02 5.1072e+01
1.7690e+01 8.1429e-02 4.6666e+01
1.7690e+01 9.1633e-02 4.2756e+01
1.7690e+01 1.0184e-01 3.9348e+01
1.7690e+01 1.1204e-01 3.6448e+01
1.7690e+01 1.2224e-01 3.4063e+01
1.7690e+01 1.3245e-01 3.2199e+01
1.7690e+01 1.4265e-01 3.0863e+01
1.7690e+01 1.5286e-01 3.0062e+01
1.7690e+01 1.6306e-01 2.9802e+01
1.7690e+01 1.7327e-01 3.0089e+01
1.7690e+01 1.8347e-01 3.0931e+01
1.7690e+01 1.9367e-01 3.2333e+01
1.7690e+01 2.0388e-01 3.4303e+01
1.7690e+01 2.1408e-01 3.6846e+01
1.7690e+01 2.2429e-01 3.9970e+01
1.7690e+01 2.3449e-01 4.3681e+01
1.7690e+01 2.4469e-01 4.7985e+01
1.7690e+01 2.5490e-01 5.2890e+01
1.7690e+01 2.6510e-01 5.8401e+01
1.7690e+01 2.7531e-01 6.4525e+01
1.7690e+01 2.8551e-01 7.1269e+01
1.7690e+01 2.9571e-01 7.8639e+01
1.7690e+01 3.0592e-01 8.6642e+01
1.7690e+01 3.1612e-01 9.5285e+01
1.7690e+01 3.2633e-01 1.0457e+02
1.7690e+01 3.3653e-01 1.1451e+02
1.7690e+01 3.4673e-01 1.2511e+02
1.7690e+01 3.5694e-01 1.3638e+02
1.7690e+01 3.6714e-01 1.4832e+02
1.7690e+01 3.7735e-01 1.6093e+02
1.7690e+01 3.8755e-01 1.7423e+02
1.7690e+01 3.9776e-01 1.8823e+02
1.7690e+01 4.0796e-01 2.0292e+02
1.7690e+01 4.1816e-01 2.1832e+02
1.7690e+01 4.2837e-01 2.3442e+02
1.7690e+01 4.3857e-01 2.5125e+02
1.7690e+01 4.4878e-01 2.6880e+02
1.7690e+01 4.5898e-01 2.8708e+02
1.7690e+01 4.6918e-01 3.0610e+02
1.7690e+01 4.7939e-01 3.2587e+02
1.7690e+01 4.8959e-01 3.4638e+02
1.7690e+01 4.9980e-01 3.6765e+02
1.7690e+01 5.1000e-01 3.8969e+02
1.6755e+01 1.0000e-02 6.5433e+01
1.6755e+01 2.0204e-02 5.9801e+01
1.6755e+01 3.0408e-02 5.4532e+01
1.6755e+01 4.0612e-02 4.9630e+01
1.6755e+01 5.0816e-02 4.5096e+01
1.6755e+01 6.1020e-02 4.0934e+01
1.6755e+01 7.1224e-02 3.7148e+01
1.6755e+01 8.1429e-02 3.3740e+01
1.6755e+01 9.1633e-02 3.0714e+01
1.6755e+01 1.0184e-01 2.8073e+01
1.6755e+01 1.1204e-01 2.5819e+01
1.6755e+01 1.2224e-01 2.3956e+01
1.6755e+01 1.3245e-01 2.2488e+01
1.6755e+01 1.4265e-01 2.1416e+01
1.6755e+01 1.5286e-01 2.0745e+01
1.6755e+01 1.6306e-01 2.0477e+01
1.6755e+01 1.7327e-01 2.0615e+01
1.6755e+01 1.8347e-01 2.1163e+01
1.6755e+01 1.9367e-01 2.2124e+01
1.6755e+01 2.0388e-01 2.3501e+01
1.6755e+01 2.1408e-01 2.5296e+01
1.6755e+01 2.2429e-01 2.7514e+01
1.6755e+01 2.3449e-01 3.0157e+01
1.6755e+01 2.4469e-01 3.3228e+01
1.6755e+01 2.5490e-01 3.6730e+01
1.6755e+01 2.6510e-01 4.0667e+01
1.6755e+01 2.7531e-01 4.5042e+01
1.6755e+01 2.8551e-01 4.9857e+01
1.6755e+01 2.9571e-01 5.5117e+01
1.6755e+01 3.0592e-01 6.0823e+01
1.6755e+01 3.1612e-01 6.6979e+01
1.6755e+01 3.2633e-01 7.3589e+01
1.6755e+01 3.3653e-01 8.0655e+01
1.6755e+01 3.4673e-01 8.8180e+01
1.6755e+01 3.5694e-01 9.6168e+01
1.6755e+01 3.6714e-01 1.0462e+02
1.6755e+01 3.7735e-01 1.1354e+02
1.6755e+01 3.8755e-01 1.2294e+02
1.6755e+01 3.9776e-01 1.3281e+02
1.6755e+01 4.0796e-01 1.4315e+02
1.6755e+01 4.1816e-01 1.5398e+02
1.6755e+01 4.2837e-01 1.6530e+02
1.6755e+01 4.3857e-01 1.7710e+02
1.6755e+01 4.4878e-01 1.8939e+02
1.6755e+01 4.5898e-01 2.0217e+02
1.6755e+01 4.6918e-01 2.1545e+02
1.6755e+01 4.7939e-01 2.2923e+02
1.6755e+01 4.8959e-01 2.4352e+02
1.6755e+01 4.9980e-01 2.5831e+02
1.6755e+01 5.1000e-01 2.7361e+02
1.5910e+01 1.0000e-02 4.1373e+01
1.5910e+01 2.0204e-02 3.7869e+01
1.5910e+01 3.0408e-02 3.4598e+01
1.5910e+01 4.0612e-02 3.1561e+01
1.5910e+01 5.0816e-02 2.8761e+01
1.5910e+01 6.1020e-02 2.6200e+01
1.5910e+01 7.1224e-02 2.3882e+01
1.5910e+01 8.1429e-02 2.1809e+01
1.5910e+01 9.1633e-02 1.9984e+01
1.5910e+01 1.0184e-01 1.8408e+01
1.5910e+01 1.1204e-01 1.7085e+01
1.5910e+01 1.2224e-01 1.6018e+01
1.5910e+01 1.3245e-01 1.5208e+01
1.5910e+01 1.4265e-01 1.4659e+01
1.5910e+01 1.5286e-01 1.4374e+01
1.5910e+01 1.6306e-01 1.4353e+01
1.5910e+01 1.7327e-01 1.4602e+01
1.5910e+01 1.8347e-01 1.5121e+01
1.5910e+01 1.9367e-01 1.5913e+01
1.5910e+01 2.0388e-01 1.6982e+01
1.5910e+01 2.1408e-01 1.8329e+01
1.5910e+01 2.2429e-01 1.9958e+01
1.5910e+01 2.3449e-01 2.1870e+01
1.5910e+01 2.4469e-01 2.4070e+01
1.5910e+01 2.5490e-01 2.6558e+01
1.5910e+01 2.6510e-01 2.9338e+01
1.5910e+01 2.7531e-01 3.2412e+01
1.5910e+01 2.8551e-01 3.5783e+01
1.5910e+01 2.9571e-01 3.9454e+01
1.5910e+01 3.0592e-01 4.3427e+01
1.5910e+01 3.1612e-01 4.7704e+01
1.5910e+01 3.2633e-01 5.2289e+01
1.5910e+01 3.3653e-01 5.7184e+01
1.5910e+01 3.4673e-01 6.2391e+01
1.5910e+01 3.5694e-01 6.7913e+01
1.5910e+01 3.6714e-01 7.3753e+01
1.5910e+01 3.7735e-01 7.9914e+01
1.5910e+01 3.8755e-01 8.6397e+01
1.5910e+01 3.9776e-01 9.3206e+01
1.5910e+01 4.0796e-01 1.0034e+02
1.5910e+01 4.1816e-01 1.0781e+02
1.5910e+01 4.2837e-01 1.1561e+02
1.5910e+01 4.3857e-01 1.2375e+02
1.5910e+01 4.4878e-01 1.3222e+02
1.5910e+01 4.5898e-01 1.4104e+02
1.5910e+01 4.6918e-01 1.5020e+02
1.5910e+01 4.7939e-01 1.5971e+02
1.5910e+01 4.8959e-01 1.6956e+02
1.5910e+01 4.9980e-01 1.7977e+02
1.5910e+01 5.1000e-01 1.9033e+02
1.5141e+01 1.0000e-02 3.1448e+01
1.5141e+01 2.0204e-02 2.8823e+01
1.5141e+01 3.0408e-02 2.6368e+01
1.5141e+01 4.0612e-02 2.4084e+01
1.5141e+01 5.0816e-02 2.1974e+01
1.5141e+01 6.1020e-02 2.0039e+01
1.5141e+01 7.1224e-02 1.8280e+01
1.5141e+01 8.1429e-02 1.6700e+01
1.5141e+01 9.1633e-02 1.5300e+01
1.5141e+01 1.0184e-01 1.4082e+01
1.5141e+01 1.1204e-01 1.3049e+01
1.5141e+01 1.2224e-01 1.2200e+01
1.5141e+01 1.3245e-01 1.1539e+01
1.5141e+01 1.4265e-01 1.1068e+01
1.5141e+01 1.5286e-01 1.0787e+01
1.5141e+01 1.6306e-01 1.0699e+01
1.5141e+01 1.7327e-01 1.0806e+01
1.5141e+01 1.8347e-01 1.1109e+01
1.5141e+01 1.9367e-01 1.1609e+01
1.5141e+01 2.0388e-01 1.2310e+01
1.5141e+01 2.1408e-01 1.3213e+01
1.5141e+01 2.2429e-01 1.4318e+01
1.5141e+01 2.3449e-01 1.5629e+01
1.5141e+01 2.4469e-01 1.7147e+01
1.5141e+01 2.5490e-01 1.8874e+01
1.5141e+01 2.6510e-01 2.0811e+01
1.5141e+01 2.7531e-01 2.2960e+01
1.5141e+01 2.8551e-01 2.5324e+01
1.5141e+01 2.9571e-01 2.7903e+01
1.5141e+01 3.0592e-01 3.0700e+01
1.5141e+01 3.1612e-01 3.3716e+01
1.5141e+01 3.2633e-01 3.6953e+01
1.5141e+01 3.3653e-01 4.0414e+01
1.5141e+01 3.4673e-01 4.4099e+01
1.5141e+01 3.5694e-01 4.8010e+01
1.5141e+01 3.6714e-01 5.2150e+01
1.5141e+01 3.7735e-01 5.6520e+01
1.5141e+01 3.8755e-01 6.1122e+01
1.5141e+01 3.9776e-01 6.5957e+01
1.5141e+01 4.0796e-01 7.1028e+01
1.5141e+01 4.1816e-01 7.6335e+01
1.5141e+01 4.2837e-01 8.1882e+01
1.5141e+01 4.3857e-01 8.7669e+01
1.5141e+01 4.4878e-01 9.3699e+01
1.5141e+01 4.5898e-01 9.9973e+01
1.5141e+01 4.6918e-01 1.0649e+02
1.5141e+01 4.7939e-01 1.1326e+02
1.5141e+01 4.8959e-01 1.2028e+02
1.5141e+01 4.9980e-01 1.2755e+02
1.5141e+01 5.1000e-01 1.3507e+02
1.4273e+01 1.0000e-02 2.3926e+01
1.4273e+01 2.0204e-02 2.1975e+01
1.4273e+01 3.0408e-02 2.0147e+01
1.4273e+01 4.0612e-02 1.8442e+01
1.4273e+01 5.0816e-02 1.6863e+01
1.4273e+01 6.1020e-02 1.5410e+01
1.4273e+01 7.1224e-02 1.4084e+01
1.4273e+01 8.1429e-02 1.2888e+01
1.4273e+01 9.1633e-02 1.1821e+01
1.4273e+01 1.0184e-01 1.0887e+01
1.4273e+01 1.1204e-01 1.0084e+01
1.4273e+01 1.2224e-01 9.4162e+00
1.4273e+01 1.3245e-01 8.8833e+00
1.4273e+01 1.4265e-01 8.4870e+00
1.4273e+01 1.5286e-01 8.2284e+00
1.4273e+01 1.6306e-01 8.1089e+00
1.4273e+01 1.7327e-01 8.1296e+00
1.4273e+01 1.8347e-01 8.2920e+00
1.4273e+01 1.9367e-01 8.5972e+00
1.4273e+01 2.0388e-01 9.0466e+00
1.4273e+01 2.1408e-01 9.6413e+00
1.4273e+01 2.2429e-01 1.0383e+01
1.4273e+01 2.3449e-01 1.1272e+01
1.4273e+01 2.4469e-01 1.2310e+01
1.4273e+01 2.5490e-01 1.3499e+01
1.4273e+01 2.6510e-01 1.4840e+01
1.4273e+01 2.7531e-01 1.6334e+01
1.4273e+01 2.8551e-01 1.7982e+01
1.4273e+01 2.9571e-01 1.9785e+01
1.4273e+01 3.0592e-01 2.1745e+01
1.4273e+01 3.1612e-01 2.3863e+01
1.4273e+01 3.2633e-01 2.6141e+01
1.4273e+01 3.3653e-01 2.8579e+01
1.4273e+01 3.4673e-01 3.1179e+01
1.4273e+01 3.5694e-01 3.3942e+01
1.4273e+01 3.6714e-01 3.6869e+01
1.4273e+01 3.7735e-01 3.9962e+01
1.4273e+01 3.8755e-01 4.3222e+01
1.4273e+01 3.9776e-01 4.6651e+01
1.4273e+01 4.0796e-01 5.0248e+01
1.4273e+01 4.1816e-01 5.4016e+01
1.4273e+01 4.2837e-01 5.7957e+01
1.4273e+01 4.3857e-01 6.2070e+01
1.4273e+01 4.4878e-01 6.6358e+01
1.4273e+01 4.5898e-01 7.0822e+01
1.4273e+01 4.6918e-01 7.5463e+01
1.4273e+01 4.7939e-01 8.0282e+01
1.4273e+01 4.8959e-01 8.5281e+01
1.4273e+01 4.9980e-01 9.0460e+01
1.4273e+01 5.1000e-01 9.5822e+01
1.3494e+01 1.0000e-02 1.4664e+01
1.3494e+01 2.0204e-02 1.3536e+01
1.3494e+01 3.0408e-02 1.2479e+01
1.3494e+01 4.0612e-02 1.1495e+01
1.3494e+01 5.0816e-02 1.0584e+01
1.3494e+01 6.1020e-02 9.7484e+00
1.3494e+01 7.1224e-02 8.9893e+00
1.3494e+01 8.1429e-02 8.3080e+00
1.3494e+01 9.1633e-02 7.7058e+00
1.3494e+01 1.0184e-01 7.1841e+00
1.3494e+01 1.1204e-01 6.7442e+00
1.3494e+01 1.2224e-01 6.3875e+00
1.3494e+01 1.3245e-01 6.1153e+00
1.3494e+01 1.4265e-01 5.9289e+00
1.3494e+01 1.5286e-01 5.8297e+00
1.3494e+01 1.6306e-01 5.8190e+00
1.3494e+01 1.7327e-01 5.8981e+00
1.3494e+01 1.8347e-01 6.0684e+00
1.3494e+01 1.9367e-01 6.3312e+00
1.3494e+01 2.0388e-01 6.6879e+00
1.3494e+01 2.1408e-01 7.1398e+00
1.3494e+01 2.2429e-01 7.6882e+00
1.3494e+01 2.3449e-01 8.3345e+00
1.3494e+01 2.4469e-01 9.0799e+00
1.3494e+01 2.5490e-01 9.9260e+00
1.3494e+01 2.6510e-01 1.0874e+01
1.3494e+01 2.7531e-01 1.1925e+01
1.3494e+01 2.8551e-01 1.3081e+01
1.3494e+01 2.9571e-01 1.4342e+01
1.3494e+01 3.0592e-01 1.5711e+01
1.3494e+01 3.1612e-01 1.7188e+01
1.3494e+01 3.2633e-01 1.8776e+01
1.3494e+01 3.3653e-01 2.0474e+01
1.3494e+01 3.4673e-01 2.2285e+01
1.3494e+01 3.5694e-01 2.4210e+01
1.3494e+01 3.6714e-01 2.6250e+01
1.3494e+01 3.7735e-01 2.8407e+01
1.3494e+01 3.8755e-01 3.0682e+01
1.3494e+01 3.9776e-01 3.3076e+01
1.3494e+01 4.0796e-01 3.5591e+01
1.3494e+01 4.1816e-01 3.8227e+01
1.3494e+01 4.2837e-01 4.0987e+01
1.3494e+01 4.3857e-01 4.3872e+01
1.3494e+01 4.4878e-01 4.6882e+01
1.3494e+01 4.5898e-01 5.0020e+01
1.3494e+01 4.6918e-01 5.3286e+01
1.3494e+01 4.7939e-01 5.6682e+01
1.3494e+01 4.8959e-01 6.0210e+01
1.3494e+01 4.9980e-01 6.3870e+01
1.3494e+01 5.1000e-01 6.7664e+01
1.2926e+01 1.0000e-02 1.1076e+01
1.2926e+01 2.0204e-02 1.0208e+01
1.2926e+01 3.0408e-02 9.3957e+00
1.2926e+01 4.0612e-02 8.6390e+00
1.2926e+01 5.0816e-02 7.9389e+00
1.2926e+01 6.1020e-02 7.2963e+00
1.2926e+01 7.1224e-02 6.7119e+00
1.2926e+01 8.1429e-02 6.1864e+00
1.2926e+01 9.1633e-02 5.7208e+00
1.2926e+01 1.0184e-01 5.3156e+00
1.2926e+01 1.1204e-01 4.9718e+00
1.2926e+01 1.2224e-01 4.6900e+00
1.2926e+01 1.3245e-01 4.4711e+00
1.2926e+01 1.4265e-01 4.3159e+00
1.2926e+01 1.5286e-01 4.2250e+00
1.2926e+01 1.6306e-01 4.1993e+00
1.2926e+01 1.7327e-01 4.2396e+00
1.2926e+01 1.8347e-01 4.3466e+00
1.2926e+01 1.9367e-01 4.5211e+00
1.2926e+01 2.0388e-01 4.7639e+00
1.2926e+01 2.1408e-01 5.0757e+00
1.2926e+01 2.2429e-01 5.4573e+00
1.2926e+01 2.3449e-01 5.9095e+00
1.2926e+01 2.4469e-01 6.4331e+00
1.2926e+01 2.5490e-01 7.0289e+00
1.2926e+01 2.6510e-01 7.6975e+00
1.2926e+01 2.7531e-01 8.4399e+00
1.2926e+01 2.8551e-01 9.2567e+00
1.2926e+01 2.9571e-01 1.0149e+01
1.2926e+01 3.0592e-01 1.1117e+01
1.2926e+01 3.1612e-01 1.2162e+01
1.2926e+01 3.2633e-01 1.3284e+01
1.2926e+01 3.3653e-01 1.4485e+01
1.2926e+01 3.4673e-01 1.5765e+01
1.2926e+01 3.5694e-01 1.7124e+01
1.2926e+01 3.6714e-01 1.8565e+01
1.2926e+01 3.7735e-01 2.0087e+01
1.2926e+01 3.8755e-01 2.1691e+01
1.2926e+01 3.9776e-01 2.3378e+01
1.2926e+01 4.0796e-01 2.5149e+01
1.2926e+01 4.1816e-01 2.7004e+01
1.2926e+01 4.2837e-01 2.8944e+01
1.2926e+01 4.3857e-01 3.0971e+01
1.2926e+01 4.4878e-01 3.3085e+01
1.2926e+01 4.5898e-01 3.5286e+01
1.2926e+01 4.6918e-01 3.7575e+01
1.2926e+01 4.7939e-01 3.9954e+01
1.2926e+01 4.8959e-01 4.2423e+01
1.2926e+01 4.9980e-01 4.4982e+01
1.2926e+01 5.1000e-01 4.7633e+01
1.2152e+01 1.0000e-02 8.5042e+00
1.2152e+01 2.0204e-02 7.8347e+00
1.2152e+01 3.0408e-02 7.2075e+00
1.2152e+01 4.0612e-02 6.6231e+00
1.2152e+01 5.0816e-02 6.0819e+00
1.2152e+01 6.1020e-02 5.5844e+00
1.2152e+01 7.1224e-02 5.1312e+00
1.2152e+01 8.1429e-02 4.7227e+00
1.2152e+01 9.1633e-02 4.3593e+00
1.2152e+01 1.0184e-01 4.0416e+00
1.2152e+01 1.1204e-01 3.7701e+00
1.2152e+01 1.2224e-01 3.5453e+00
1.2152e+01 1.3245e-01 3.3675e+00
1.2152e+01 1.4265e-01 3.2374e+00
1.2152e+01 1.5286e-01 3.1554e+00
1.2152e+01 1.6306e-01 3.1220e+00
1.2152e+01 1.7327e-01 3.1376e+00
1.2152e+01 1.8347e-01 3.2029e+00
1.2152e+01 1.9367e-01 3.3181e+00
1.2152e+01 2.0388e-01 3.4839e+00
1.2152e+01 2.1408e-01 3.7007e+00
1.2152e+01 2.2429e-01 3.9690e+00
1.2152e+01 2.3449e-01 4.2893e+00
1.2152e+01 2.4469e-01 4.6621e+00
1.2152e+01 2.5490e-01 5.0878e+00
1.2152e+01 2.6510e-01 5.5669e+00
1.2152e+01 2.7531e-01 6.1000e+00
1.2152e+01 2.8551e-01 6.6875e+00
1.2152e+01 2.9571e-01 7.3300e+00
1.2152e+01 3.0592e-01 8.0277e+00
1.2152e+01 3.1612e-01 8.7814e+00
1.2152e+01 3.2633e-01 9.5914e+00
1.2152e+01 3.3653e-01 1.0458e+01
1.2152e+01 3.4673e-01 1.1382e+01
1.2152e+01 3.5694e-01 1.2364e+01
1.2152e+01 3.6714e-01 1.3405e+01
1.2152e+01 3.7735e-01 1.4504e+01
1.2152e+01 3.8755e-01 1.5662e+01
1.2152e+01 3.9776e-01 1.6880e+01
1.2152e+01 4.0796e-01 1.8159e+01
1.2152e+01 4.1816e-01 1.9498e+01
1.2152e+01 4.2837e-01 2.0898e+01
1.2152e+01 4.3857e-01 2.2360e+01
1.2152e+01 4.4878e-01 2.3884e+01
1.2152e+01 4.5898e-01 2.5471e+01
1.2152e+01 4.6918e-01 2.7121e+01
1.2152e+01 4.7939e-01 2.8835e+01
1.2152e+01 4.8959e-01 3.0612e+01
1.2152e+01 4.9980e-01 3.2455e+01
1.2152e+01 5.1000e-01 3.4362e+01
1.1570e+01 1.0000e-02 6.4671e+00
1.1570e+01 2.0204e-02 5.9677e+00
1.1570e+01 3.0408e-02 5.4990e+00
1.1570e+01 4.0612e-02 5.0613e+00
1.1570e+01 5.0816e-02 4.6550e+00
1.1570e+01 6.1020e-02 4.2805e+00
1.1570e+01 7.1224e-02 3.9380e+00
1.1570e+01 8.1429e-02 3.6279e+00
1.1570e+01 9.1633e-02 3.3506e+00
1.1570e+01 1.0184e-01 3.1064e+00
1.1570e+01 1.1204e-01 2.8957e+00
1.1570e+01 1.2224e-01 2.7187e+00
1.1570e+01 1.3245e-01 2.5760e+00
1.1570e+01 1.4265e-01 2.4677e+00
1.1570e+01 1.5286e-01 2.3943e+00
1.1570e+01 1.6306e-01 2.3561e+00
1.1570e+01 1.7327e-01 2.3534e+00
1.1570e+01 1.8347e-01 2.3866e+00
1.1570e+01 1.9367e-01 2.4560e+00
1.1570e+01 2.0388e-01 2.5621e+00
1.1570e+01 2.1408e-01 2.7050e+00
1.1570e+01 2.2429e-01 2.8852e+00
1.1570e+01 2.3449e-01 3.1031e+00
1.1570e+01 2.4469e-01 3.3589e+00
1.1570e+01 2.5490e-01 3.6531e+00
1.1570e+01 2.6510e-01 3.9859e+00
1.1570e+01 2.7531e-01 4.3577e+00
1.1570e+01 2.8551e-01 4.7689e+00
1.1570e+01 2.9571e-01 5.2198e+00
1.1570e+01 3.0592e-01 5.7108e+00
1.1570e+01 3.1612e-01 6.2421e+00
1.1570e+01 3.2633e-01 6.8142e+00
1.1570e+01 3.3653e-01 7.4274e+00
1.1570e+01 3.4673e-01 8.0820e+00
1.1570e+01 3.5694e-01 8.7785e+00
1.1570e+01 3.6714e-01 9.5170e+00
1.1570e+01 3.7735e-01 1.0298e+01
1.1570e+01 3.8755e-01 1.1122e+01
1.1570e+01 3.9776e-01 1.1989e+01
1.1570e+01 4.0796e-01 1.2900e+01
1.1570e+01 4.1816e-01 1.3854e+01
1.1570e+01 4.2837e-01 1.4853e+01
1.1570e+01 4.3857e-01 1.5896e+01
1.1570e+01 4.4878e-01 1.6984e+01
1.1570e+01 4.5898e-01 1.8117e+01
1.1570e+01 4.6918e-01 1.9296e+01
1.1570e+01 4.7939e-01 2.0521e+01
1.1570e+01 4.8959e-01 2.1793e+01
1.1570e+01 4.9980e-01 2.3111e+01
1.1570e+01 5.1000e-01 2.4475e+01
1.0936e+01 1.0000e-02 4.9456e+00
1.0936e+01 2.0204e-02 4.5549e+00
1.0936e+01 3.0408e-02 4.1884e+00
1.0936e+01 4.0612e-02 3.8462e+00
1.0936e+01 5.0816e-02 3.5285e+00
1.0936e+01 6.1020e-02 3.2355e+00
1.0936e+01 7.1224e-02 2.9674e+00
1.0936e+01 8.1429e-02 2.7243e+00
1.0936e+01 9.1633e-02 2.5065e+00
1.0936e+01 1.0184e-01 2.3141e+00
1.0936e+01 1.1204e-01 2.1472e+00
1.0936e+01 1.2224e-01 2.0062e+00
1.0936e+01 1.3245e-01 1.8910e+00
1.0936e+01 1.4265e-01 1.8020e+00
1.0936e+01 1.5286e-01 1.7393e+00
1.0936e+01 1.6306e-01 1.7030e+00
1.0936e+01 1.7327e-01 1.6934e+00
1.0936e+01 1.8347e-01 1.7106e+00
1.0936e+01 1.9367e-01 1.7549e+00
1.0936e+01 2.0388e-01 1.8263e+00
1.0936e+01 2.1408e-01 1.9250e+00
1.0936e+01 2.2429e-01 2.0513e+00
1.0936e+01 2.3449e-01 2.2054e+00
1.0936e+01 2.4469e-01 2.3873e+00
1.0936e+01 2.5490e-01 2.5972e+00
1.0936e+01 2.6510e-01 2.8355e+00
1.0936e+01 2.7531e-01 3.1021e+00
1.0936e+01 2.8551e-01 3.3974e+00
1.0936e+01 2.9571e-01 3.7214e+00
1.0936e+01 3.0592e-01 4.0744e+00
1.0936e+01 3.1612e-01 4.4565e+00
1.0936e+01 3.2633e-01 4.8679e+00
1.0936e+01 3.3653e-01 5.3088e+00
1.0936e+01 3.4673e-01 5.7794e+00
1.0936e+01 3.5694e-01 6.2798e+00
1.0936e+01 3.6714e-01 6.8102e+00
1.0936e+01 3.7735e-01 7.3709e+00
1.0936e+01 3.8755e-01 7.9619e+00
1.0936e+01 3.9776e-01 8.5834e+00
1.0936e+01 4.0796e-01 9.2357e+00
1.0936e+01 4.1816e-01 9.9189e+00
1.0936e+01 4.2837e-01 1.0633e+01
1.0936e+01 4.3857e-01 1.1379e+01
1.0936e+01 4.4878e-01 1.2156e+01
1.0936e+01 4.5898e-01 1.2964e+01
1.0936e+01 4.6918e-01 1.3805e+01
1.0936e+01 4.7939e-01 1.4677e+01
1.0936e+01 4.8959e-01 1.5582e+01
1.0936e+01 4.9980e-01 1.6518e+01
1.0936e+01 5.1000e-01 1.7488e+01
1.0363e+01 1.0000e-02 3.1316e+00
1.0363e+01 2.0204e-02 2.8899e+00
1.0363e+01 3.0408e-02 2.6638e+00
1.0363e+01 4.0612e-02 2.4535e+00
1.0363e+01 5.0816e-02 2.2591e+00
1.0363e+01 6.1020e-02 2.0808e+00
1.0363e+01 7.1224e-02 1.9187e+00
1.0363e+01 8.1429e-02 1.7731e+00
1.0363e+01 9.1633e-02 1.6439e+00
1.0363e+01 1.0184e-01 1.5314e+00
1.0363e+01 1.1204e-01 1.4356e+00
1.0363e+01 1.2224e-01 1.3569e+00
1.0363e+01 1.3245e-01 1.2952e+00
1.0363e+01 1.4265e-01 1.2507e+00
1.0363e+01 1.5286e-01 1.2236e+00
1.0363e+01 1.6306e-01 1.2140e+00
1.0363e+01 1.7327e-01 1.2221e+00
1.0363e+01 1.8347e-01 1.2480e+00
1.0363e+01 1.9367e-01 1.2918e+00
1.0363e+01 2.0388e-01 1.3537e+00
1.0363e+01 2.1408e-01 1.4339e+00
1.0363e+01 2.2429e-01 1.5324e+00
1.0363e+01 2.3449e-01 1.6494e+00
1.0363e+01 2.4469e-01 1.7851e+00
1.0363e+01 2.5490e-01 1.9396e+00
1.0363e+01 2.6510e-01 2.1130e+00
1.0363e+01 2.7531e-01 2.3055e+00
1.0363e+01 2.8551e-01 2.5172e+00
1.0363e+01 2.9571e-01 2.7484e+00
1.0363e+01 3.0592e-01 2.9990e+00
1.0363e+01 3.1612e-01 3.2693e+00
1.0363e+01 3.2633e-01 3.5594e+00
1.0363e+01 3.3653e-01 3.8694e+00
1.0363e+01 3.4673e-01 4.1995e+00
1.0363e+01 3.5694e-01 4.5499e+00
1.0363e+01 3.6714e-01 4.9206e+00
1.0363e+01 3.7735e-01 5.3118e+00
1.0363e+01 3.8755e-01 5.7237e+00
1.0363e+01 3.9776e-01 6.1564e+00
1.0363e+01 4.0796e-01 6.6101e+00
1.0363e+01 4.1816e-01 7.0848e+00
1.0363e+01 4.2837e-01 7.5808e+00
1.0363e+01 4.3857e-01 8.0981e+00
1.0363e+01 4.4878e-01 8.6369e+00
1.0363e+01 4.5898e-01 9.1975e+00
1.0363e+01 4.6918e-01 9.7798e+00
1.0363e+01 4.7939e-01 1.0384e+01
1.0363e+01 4.8959e-01 1.1010e+01
1.0363e+01 4.9980e-01 1.1659e+01
1.0363e+01 5.1000e-01 1.2330e+01
9.8428e+00 1.0000e-02 2.4407e+00
9.8428e+00 2.0204e-02 2.2557e+00
9.8428e+00 3.0408e-02 2.0824e+00
9.8428e+00 4.0612e-02 1.9208e+00
9.8428e+00 5.0816e-02 1.7712e+00
9.8428e+00 6.1020e-02 1.6335e+00
9.8428e+00 7.1224e-02 1.5079e+00
9.8428e+00 8.1429e-02 1.3945e+00
9.8428e+00 9.1633e-02 1.2934e+00
9.8428e+00 1.0184e-01 1.2047e+00
9.8428e+00 1.1204e-01 1.1284e+00
9.8428e+00 1.2224e-01 1.0647e+00
9.8428e+00 1.3245e-01 1.0138e+00
9.8428e+00 1.4265e-01 9.7558e-01
9.8428e+00 1.5286e-01 9.5028e-01
9.8428e+00 1.6306e-01 9.3797e-01
9.8428e+00 1.7327e-01 9.3875e-01
9.8428e+00 1.8347e-01 9.5272e-01
9.8428e+00 1.9367e-01 9.7999e-01
9.8428e+00 2.0388e-01 1.0207e+00
9.8428e+00 2.1408e-01 1.0748e+00
9.8428e+00 2.2429e-01 1.1426e+00
9.8428e+00 2.3449e-01 1.2240e+00
9.8428e+00 2.4469e-01 1.3192e+00
9.8428e+00 2.5490e-01 1.4284e+00
9.8428e+00 2.6510e-01 1.5515e+00
9.8428e+00 2.7531e-01 1.6887e+00
9.8428e+00 2.8551e-01 1.8402e+00
9.8428e+00 2.9571e-01 2.0059e+00
9.8428e+00 3.0592e-01 2.1860e+00
9.8428e+00 3.1612e-01 2.3807e+00
9.8428e+00 3.2633e-01 2.5899e+00
9.8428e+00 3.3653e-01 2.8139e+00
9.8428e+00 3.4673e-01 3.0526e+00
9.8428e+00 3.5694e-01 3.3063e+00
9.8428e+00 3.6714e-01 3.5749e+00
9.8428e+00 3.7735e-01 3.8587e+00
9.8428e+00 3.8755e-01 4.1577e+00
9.8428e+00 3.9776e-01 4.4719e+00
9.8428e+00 4.0796e-01 4.8016e+00
9.8428e+00 4.1816e-01 5.1468e+00
9.8428e+00 4.2837e-01 5.5076e+00
9.8428e+00 4.3857e-01 5.8842e+00
9.8428e+00 4.4878e-01 6.2765e+00
9.8428e+00 4.5898e-01 6.6847e+00
9.8428e+00 4.6918e-01 7.1090e+00
9.8428e+00 4.7939e-01 7.5494e+00
9.8428e+00 4.8959e-01 8.0060e+00
9.8428e+00 4.9980e-01 8.4789e+00
9.8428e+00 5.1000e-01 8.9682e+00
9.3679e+00 1.0000e-02 1.8952e+00
9.3679e+00 2.0204e-02 1.7477e+00
9.3679e+00 3.0408e-02 1.6096e+00
9.3679e+00 4.0612e-02 1.4810e+00
9.3679e+00 5.0816e-02 1.3619e+00
9.3679e+00 6.1020e-02 1.2523e+00
9.3679e+00 7.1224e-02 1.1523e+00
9.3679e+00 8.1429e-02 1.0619e+00
9.3679e+00 9.1633e-02 9.8121e-01
9.3679e+00 1.0184e-01 9.1022e-01
9.3679e+00 1.1204e-01 8.4897e-01
9.3679e+00 1.2224e-01 7.9753e-01
9.3679e+00 1.3245e-01 7.5592e-01
9.3679e+00 1.4265e-01 7.2419e-01
9.3679e+00 1.5286e-01 7.0238e-01
9.3679e+00 1.6306e-01 6.9054e-01
9.3679e+00 1.7327e-01 6.8870e-01
9.3679e+00 1.8347e-01 6.9691e-01
9.3679e+00 1.9367e-01 7.1521e-01
9.3679e+00 2.0388e-01 7.4365e-01
9.3679e+00 2.1408e-01 7.8226e-01
9.3679e+00 2.2429e-01 8.3108e-01
9.3679e+00 2.3449e-01 8.9017e-01
9.3679e+00 2.4469e-01 9.5956e-01
9.3679e+00 2.5490e-01 1.0393e+00
9.3679e+00 2.6510e-01 1.1294e+00
9.3679e+00 2.7531e-01 1.2300e+00
9.3679e+00 2.8551e-01 1.3410e+00
9.3679e+00 2.9571e-01 1.4625e+00
9.3679e+00 3.0592e-01 1.5946e+00
9.3679e+00 3.1612e-01 1.7373e+00
9.3679e+00 3.2633e-01 1.8906e+00
9.3679e+00 3.3653e-01 2.0546e+00
9.3679e+00 3.4673e-01 2.2293e+00
9.3679e+00 3.5694e-01 2.4148e+00
9.3679e+00 3.6714e-01 2.6111e+00
9.3679e+00 3.7735e-01 2.8182e+00
9.3679e+00 3.8755e-01 3.0363e+00
9.3679e+00 3.9776e-01 3.2653e+00
9.3679e+00 4.0796e-01 3.5052e+00
9.3679e+00 4.1816e-01 3.7562e+00
9.3679e+00 4.2837e-01 4.0182e+00
9.3679e+00 4.3857e-01 4.2913e+00
9.3679e+00 4.4878e-01 4.5756e+00
9.3679e+00 4.5898e-01 4.8711e+00
9.3679e+00 4.6918e-01 5.1778e+00
9.3679e+00 4.7939e-01 5.4957e+00
9.3679e+00 4.8959e-01 5.8250e+00
9.3679e+00 4.9980e-01 6.1657e+00
9.3679e+00 5.1000e-01 6.5177e+00
8.8639e+00 1.0000e-02 1.1511e+00
8.8639e+00 2.0204e-02 1.0651e+00
8.8639e+00 3.0408e-02 9.8461e-01
8.8639e+00 4.0612e-02 9.0981e-01
8.8639e+00 5.0816e-02 8.4072e-01
8.8639e+00 6.1020e-02 7.7742e-01
8.8639e+00 7.1224e-02 7.1998e-01
8.8639e+00 8.1429e-02 6.6847e-01
8.8639e+00 9.1633e-02 6.2296e-01
8.8639e+00 1.0184e-01 5.8352e-01
8.8639e+00 1.1204e-01 5.5023e-01
8.8639e+00 1.2224e-01 5.2316e-01
8.8639e+00 1.3245e-01 5.0238e-01
8.8639e+00 1.4265e-01 4.8795e-01
8.8639e+00 1.5286e-01 4.7996e-01
8.8639e+00 1.6306e-01 4.7848e-01
8.8639e+00 1.7327e-01 4.8357e-01
8.8639e+00 1.8347e-01 4.9530e-01
8.8639e+00 1.9367e-01 5.1376e-01
8.8639e+00 2.0388e-01 5.3900e-01
8.8639e+00 2.1408e-01 5.7111e-01
8.8639e+00 2.2429e-01 6.1015e-01
8.8639e+00 2.3449e-01 6.5620e-01
8.8639e+00 2.4469e-01 7.0933e-01
8.8639e+00 2.5490e-01 7.6961e-01
8.8639e+00 2.6510e-01 8.3710e-01
8.8639e+00 2.7531e-01 9.1189e-01
8.8639e+00 2.8551e-01 9.9404e-01
8.8639e+00 2.9571e-01 1.0836e+00
8.8639e+00 3.0592e-01 1.1807e+00
8.8639e+00 3.1612e-01 1.2854e+00
8.8639e+00 3.2633e-01 1.3977e+00
8.8639e+00 3.3653e-01 1.5178e+00
8.8639e+00 3.4673e-01 1.6456e+00
8.8639e+00 3.5694e-01 1.7813e+00
8.8639e+00 3.6714e-01 1.9250e+00
8.8639e+00 3.7735e-01 2.0767e+00
8.8639e+00 3.8755e-01 2.2364e+00
8.8639e+00 3.9776e-01 2.4043e+00
8.8639e+00 4.0796e-01 2.5804e+00
8.8639e+00 4.1816e-01 2.7648e+00
8.8639e+00 4.2837e-01 2.9576e+00
8.8639e+00 4.3857e-01 3.1588e+00
8.8639e+00 4.4878e-01 3.3686e+00
8.8639e+00 4.5898e-01 3.5869e+00
8.8639e+00 4.6918e-01 3.8138e+00
8.8639e+00 4.7939e-01 4.0495e+00
8.8639e+00 4.8959e-01 4.2940e+00
8.8639e+00 4.9980e-01 4.5474e+00
8.8639e+00 5.1000e-01 4.8097e+00
8.4067e+00 1.0000e-02 9.1655e-01
8.4067e+00 2.0204e-02 8.4975e-01
8.4067e+00 3.0408e-02 7.8714e-01
8.4067e+00 4.0612e-02 7.2878e-01
8.4067e+00 5.0816e-02 6.7471e-01
8.4067e+00 6.1020e-02 6.2500e-01
8.4067e+00 7.1224e-02 5.7970e-01
8.4067e+00 8.1429e-02 5.3885e-01
8.4067e+00 9.1633e-02 5.0253e-01
8.4067e+00 1.0184e-01 4.7077e-01
8.4067e+00 1.1204e-01 4.4363e-01
8.4067e+00 1.2224e-01 4.2117e-01
8.4067e+00 1.3245e-01 4.0344e-01
8.4067e+00 1.4265e-01 3.9050e-01
8.4067e+00 1.5286e-01 3.8239e-01
8.4067e+00 1.6306e-01 3.7918e-01
8.4067e+00 1.7327e-01 3.8092e-01
8.4067e+00 1.8347e-01 3.8765e-01
8.4067e+00 1.9367e-01 3.9944e-01
8.4067e+00 2.0388e-01 4.1634e-01
8.4067e+00 2.1408e-01 4.3840e-01
8.4067e+00 2.2429e-01 4.6568e-01
8.4067e+00 2.3449e-01 4.9823e-01
8.4067e+00 2.4469e-01 5.3611e-01
8.4067e+00 2.5490e-01 5.7936e-01
8.4067e+00 2.6510e-01 6.2805e-01
8.4067e+00 2.7531e-01 6.8222e-01
8.4067e+00 2.8551e-01 7.4194e-01
8.4067e+00 2.9571e-01 8.0725e-01
8.4067e+00 3.0592e-01 8.7821e-01
8.4067e+00 3.1612e-01 9.5487e-01
8.4067e+00 3.2633e-01 1.0373e+00
8.4067e+00 3.3653e-01 1.1255e+00
8.4067e+00 3.4673e-01 1.2196e+00
8.4067e+00 3.5694e-01 1.3196e+00
8.4067e+00 3.6714e-01 1.4256e+00
8.4067e+00 3.7735e-01 1.5376e+00
8.4067e+00 3.8755e-01 1.6557e+00
8.4067e+00 3.9776e-01 1.7799e+00
8.4067e+00 4.0796e-01 1.9103e+00
8.4067e+00 4.1816e-01 2.0470e+00
8.4067e+00 4.2837e-01 2.1900e+00
8.4067e+00 4.3857e-01 2.3393e+00
8.4067e+00 4.4878e-01 2.4950e+00
8.4067e+00 4.5898e-01 2.6571e+00
8.4067e+00 4.6918e-01 2.8258e+00
8.4067e+00 4.7939e-01 3.0011e+00
8.4067e+00 4.8959e-01 3.1829e+00
8.4067e+00 4.9980e-01 3.3715e+00
8.4067e+00 5.1000e-01 3.5667e+00
7.9334e+00 1.0000e-02 5.7389e-01
7.9334e+00 2.0204e-02 5.3695e-01
7.9334e+00 3.0408e-02 5.0232e-01
7.9334e+00 4.0612e-02 4.7006e-01
7.9334e+00 5.0816e-02 4.4023e-01
7.9334e+00 6.1020e-02 4.1288e-01
7.9334e+00 7.1224e-02 3.8808e-01
7.9334e+00 8.1429e-02 3.6587e-01
7.9334e+00 9.1633e-02 3.4632e-01
7.9334e+00 1.0184e-01 3.2949e-01
7.9334e+00 1.1204e-01 3.1543e-01
7.9334e+00 1.2224e-01 3.0419e-01
7.9334e+00 1.3245e-01 2.9585e-01
7.9334e+00 1.4265e-01 2.9044e-01
7.9334e+00 1.5286e-01 2.8805e-01
7.9334e+00 1.6306e-01 2.8871e-01
7.9334e+00 1.7327e-01 2.9248e-01
7.9334e+00 1.8347e-01 2.9943e-01
7.9334e+00 1.9367e-01 3.0962e-01
7.9334e+00 2.0388e-01 3.2309e-01
7.9334e+00 2.1408e-01 3.3991e-01
7.9334e+00 2.2429e-01 3.6014e-01
7.9334e+00 2.3449e-01 3.8382e-01
7.9334e+00 2.4469e-01 4.1103e-01
7.9334e+00 2.5490e-01 4.4181e-01
7.9334e+00 2.6510e-01 4.7623e-01
7.9334e+00 2.7531e-01 5.1434e-01
7.9334e+00 2.8551e-01 5.5620e-01
7.9334e+00 2.9571e-01 6.0186e-01
7.9334e+00 3.0592e-01 6.5139e-01
7.9334e+00 3.1612e-01 7.0485e-01
7.9334e+00 3.2633e-01 7.6228e-01
7.9334e+00 3.3653e-01 8.2375e-01
7.9334e+00 3.4673e-01 8.8931e-01
7.9334e+00 3.5694e-01 9.5903e-01
7.9334e+00 3.6714e-01 1.0330e+00
7.9334e+00 3.7735e-01 1.1111e+00
7.9334e+00 3.8755e-01 1.1937e+00
7.9334e+00 3.9776e-01 1.2806e+00
7.9334e+00 4.0796e-01 1.3719e+00
7.9334e+00 4.1816e-01 1.4677e+00
7.9334e+00 4.2837e-01 1.5681e+00
7.9334e+00 4.3857e-01 1.6731e+00
7.9334e+00 4.4878e-01 1.7828e+00
7.9334e+00 4.5898e-01 1.8972e+00
7.9334e+00 4.6918e-01 2.0164e+00
7.9334e+00 4.7939e-01 2.1404e+00
7.9334e+00 4.8959e-01 2.2693e+00
7.9334e+00 4.9980e-01 2.4032e+00
7.9334e+00 5.1000e-01 2.5421e+00
7.5054e+00 1.0000e-02 4.6467e-01
7.5054e+00 2.0204e-02 4.3420e-01
7.5054e+00 3.0408e-02 4.0564e-01
7.5054e+00 4.0612e-02 3.7901e-01
7.5054e+00 5.0816e-02 3.5437e-01
7.5054e+00 6.1020e-02 3.3174e-01
7.5054e+00 7.1224e-02 3.1117e-01
7.5054e+00 8.1429e-02 2.9270e-01
7.5054e+00 9.1633e-02 2.7636e-01
7.5054e+00 1.0184e-01 2.6220e-01
7.5054e+00 1.1204e-01 2.5025e-01
7.5054e+00 1.2224e-01 2.4055e-01
7.5054e+00 1.3245e-01 2.3314e-01
7.5054e+00 1.4265e-01 2.2805e-01
7.5054e+00 1.5286e-01 2.2534e-01
7.5054e+00 1.6306e-01 2.2503e-01
7.5054e+00 1.7327e-01 2.2717e-01
7.5054e+00 1.8347e-01 2.3179e-01
7.5054e+00 1.9367e-01 2.3893e-01
7.5054e+00 2.0388e-01 2.4863e-01
7.5054e+00 2.1408e-01 2.6093e-01
7.5054e+00 2.2429e-01 2.7587e-01
7.5054e+00 2.3449e-01 2.9349e-01
7.5054e+00 2.4469e-01 3.1383e-01
7.5054e+00 2.5490e-01 3.3692e-01
7.5054e+00 2.6510e-01 3.6280e-01
7.5054e+00 2.7531e-01 3.9152e-01
7.5054e+00 2.8551e-01 4.2311e-01
7.5054e+00 2.9571e-01 4.5761e-01
7.5054e+00 3.0592e-01 4.9505e-01
7.5054e+00 3.1612e-01 5.3549e-01
7.5054e+00 3.2633e-01 5.7895e-01
7.5054e+00 3.3653e-01 6.2547e-01
7.5054e+00 3.4673e-01 6.7510e-01
7.5054e+00 3.5694e-01 7.2787e-01
7.5054e+00 3.6714e-01 7.8383e-01
7.5054e+00 3.7735e-01 8.4300e-01
7.5054e+00 3.8755e-01 9.0544e-01
7.5054e+00 3.9776e-01 9.7117e-01
7.5054e+00 4.0796e-01 1.0402e+00
7.5054e+00 4.1816e-01 1.1127e+00
7.5054e+00 4.2837e-01 1.1885e+00
7.5054e+00 4.3857e-01 1.2678e+00
7.5054e+00 4.4878e-01 1.3506e+00
7.5054e+00 4.5898e-01 1.4370e+00
7.5054e+00 4.6918e-01 1.5269e+00
7.5054e+00 4.7939e-01 1.6204e+00
7.5054e+00 4.8959e-01 1.7175e+00
7.5054e+00 4.9980e-01 1.8184e+00
7.5054e+00 5.1000e-01 1.9229e+00
7.1166e+00 1.0000e-02 3.5481e-01
7.1166e+00 2.0204e-02 3.2735e-01
7.1166e+00 3.0408e-02 3.0182e-01
7.1166e+00 4.0612e-02 2.7824e-01
7.1166e+00 5.0816e-02 2.5660e-01
7.1166e+00 6.1020e-02 2.3691e-01
7.1166e+00 7.1224e-02 2.1917e-01
7.1166e+00 8.1429e-02 2.0340e-01
7.1166e+00 9.1633e-02 1.8960e-01
7.1166e+00 1.0184e-01 1.7777e-01
7.1166e+00 1.1204e-01 1.6792e-01
7.1166e+00 1.2224e-01 1.6006e-01
7.1166e+00 1.3245e-01 1.5420e-01
7.1166e+00 1.4265e-01 1.5033e-01
7.1166e+00 1.5286e-01 1.4847e-01
7.1166e+00 1.6306e-01 1.4862e-01
7.1166e+00 1.7327e-01 1.5078e-01
7.1166e+00 1.8347e-01 1.5497e-01
7.1166e+00 1.9367e-01 1.6119e-01
7.1166e+00 2.0388e-01 1.6945e-01
7.1166e+00 2.1408e-01 1.7975e-01
7.1166e+00 2.2429e-01 1.9209e-01
7.1166e+00 2.3449e-01 2.0649e-01
7.1166e+00 2.4469e-01 2.2295e-01
7.1166e+00 2.5490e-01 2.4148e-01
7.1166e+00 2.6510e-01 2.6207e-01
7.1166e+00 2.7531e-01 2.8475e-01
7.1166e+00 2.8551e-01 3.0951e-01
7.1166e+00 2.9571e-01 3.3636e-01
7.1166e+00 3.0592e-01 3.6531e-01
7.1166e+00 3.1612e-01 3.9636e-01
7.1166e+00 3.2633e-01 4.2951e-01
7.1166e+00 3.3653e-01 4.6479e-01
7.1166e+00 3.4673e-01 5.0218e-01
7.1166e+00 3.5694e-01 5.4170e-01
7.1166e+00 3.6714e-01 5.8336e-01
7.1166e+00 3.7735e-01 6.2715e-01
7.1166e+00 3.8755e-01 6.7309e-01
7.1166e+00 3.9776e-01 7.2117e-01
7.1166e+00 4.0796e-01 7.7142e-01
7.1166e+00 4.1816e-01 8.2383e-01
7.1166e+00 4.2837e-01 8.7841e-01
7.1166e+00 4.3857e-01 9.3516e-01
7.1166e+00 4.4878e-01 9.9410e-01
7.1166e+00 4.5898e-01 1.0552e+00
7.1166e+00 4.6918e-01 1.1185e+00
7.1166e+00 4.7939e-01 1.1841e+00
7.1166e+00 4.8959e-01 1.2518e+00
7.1166e+00 4.9980e-01 1.3217e+00
7.1166e+00 5.1000e-01 1.3939e+00
6.7196e+00 1.0000e-02 2.9297e-01
6.7196e+00 2.0204e-02 2.7034e-01
6.7196e+00 3.0408e-02 2.4926e-01
6.7196e+00 4.0612e-02 2.2975e-01
6.7196e+00 5.0816e-02 2.1180e-01
6.7196e+00 6.1020e-02 1.9541e-01
6.7196e+00 7.1224e-02 1.8060e-01
6.7196e+00 8.1429e-02 1.6736e-01
6.7196e+00 9.1633e-02 1.5570e-01
6.7196e+00 1.0184e-01 1.4563e-01
6.7196e+00 1.1204e-01 1.3713e-01
6.7196e+00 1.2224e-01 1.3023e-01
6.7196e+00 1.3245e-01 1.2492e-01
6.7196e+00 1.4265e-01 1.2121e-01
6.7196e+00 1.5286e-01 1.1909e-01
6.7196e+00 1.6306e-01 1.1858e-01
6.7196e+00 1.7327e-01 1.1968e-01
6.7196e+00 1.8347e-01 1.2239e-01
6.7196e+00 1.9367e-01 1.2671e-01
6.7196e+00 2.0388e-01 1.3265e-01
6.7196e+00 2.1408e-01 1.4021e-01
6.7196e+00 2.2429e-01 1.4940e-01
6.7196e+00 2.3449e-01 1.6022e-01
6.7196e+00 2.4469e-01 1.7267e-01
6.7196e+00 2.5490e-01 1.8676e-01
6.7196e+00 2.6510e-01 2.0248e-01
6.7196e+00 2.7531e-01 2.1986e-01
6.7196e+00 2.8551e-01 2.3887e-01
6.7196e+00 2.9571e-01 2.5954e-01
6.7196e+00 3.0592e-01 2.8187e-01
6.7196e+00 3.1612e-01 3.0585e-01
6.7196e+00 3.2633e-01 3.3149e-01
6.7196e+00 3.3653e-01 3.5880e-01
6.7196e+00 3.4673e-01 3.8778e-01
6.7196e+00 3.5694e-01 4.1844e-01
6.7196e+00 3.6714e-01 4.5077e-01
6.7196e+00 3.7735e-01 4.8478e-01
6.7196e+00 3.8755e-01 5.2047e-01
6.7196e+00 3.9776e-01 5.5785e-01
6.7196e+00 4.0796e-01 5.9692e-01
6.7196e+00 4.1816e-01 6.3769e-01
6.7196e+00 4.2837e-01 6.8015e-01
6.7196e+00 4.3857e-01 7.2432e-01
6.7196e+00 4.4878e-01 7.7019e-01
6.7196e+00 4.5898e-01 8.1778e-01
6.7196e+00 4.6918e-01 8.6707e-01
6.7196e+00 4.7939e-01 9.1808e-01
6.7196e+00 4.8959e-01 9.7082e-01
6.7196e+00 4.9980e-01 1.0253e+00
6.7196e+00 5.1000e-01 1.0815e+00
6.3596e+00 1.0000e-02 2.3523e-01
6.3596e+00 2.0204e-02 2.1726e-01
6.3596e+00 3.0408e-02 2.0051e-01
6.3596e+00 4.0612e-02 1.8496e-01
6.3596e+00 5.0816e-02 1.7063e-01
6.3596e+00 6.1020e-02 1.5752e-01
6.3596e+00 7.1224e-02 1.4562e-01
6.3596e+00 8.1429e-02 1.3494e-01
6.3596e+00 9.1633e-02 1.2549e-01
6.3596e+00 1.0184e-01 1.1725e-01
6.3596e+00 1.1204e-01 1.1025e-01
6.3596e+00 1.2224e-01 1.0446e-01
6.3596e+00 1.3245e-01 9.9910e-02
6.3596e+00 1.4265e-01 9.6586e-02
6.3596e+00 1.5286e-01 9.4495e-02
6.3596e+00 1.6306e-01 9.3638e-02
6.3596e+00 1.7327e-01 9.4016e-02
6.3596e+00 1.8347e-01 9.5633e-02
6.3596e+00 1.9367e-01 9.8489e-02
6.3596e+00 2.0388e-01 1.0259e-01
6.3596e+00 2.1408e-01 1.0793e-01
6.3596e+00 2.2429e-01 1.1451e-01
6.3596e+00 2.3449e-01 1.2235e-01
6.3596e+00 2.4469e-01 1.3143e-01
6.3596e+00 2.5490e-01 1.4176e-01
6.3596e+00 2.6510e-01 1.5334e-01
6.3596e+00 2.7531e-01 1.6618e-01
6.3596e+00 2.8551e-01 1.8028e-01
6.3596e+00 2.9571e-01 1.9563e-01
6.3596e+00 3.0592e-01 2.1224e-01
6.3596e+00 3.1612e-01 2.3012e-01
6.3596e+00 3.2633e-01 2.4926e-01
6.3596e+00 3.3653e-01 2.6966e-01
6.3596e+00 3.4673e-01 2.9133e-01
6.3596e+00 3.5694e-01 3.1427e-01
6.3596e+00 3.6714e-01 3.3848e-01
6.3596e+00 3.7735e-01 3.6397e-01
6.3596e+00 3.8755e-01 3.9073e-01
6.3596e+00 3.9776e-01 4.1876e-01
6.3596e+00 4.0796e-01 4.4808e-01
6.3596e+00 4.1816e-01 4.7867e-01
6.3596e+00 4.2837e-01 5.1055e-01
6.3596e+00 4.3857e-01 5.4371e-01
6.3596e+00 4.4878e-01 5.7815e-01
6.3596e+00 4.5898e-01 6.1388e-01
6.3596e+00 4.6918e-01 6.5091e-01
6.3596e+00 4.7939e-01 6.8922e-01
6.3596e+00 4.8959e-01 7.2883e-01
6.3596e+00 4.9980e-01 7.6973e-01
6.3596e+00 5.1000e-01 8.1193e-01
5.9971e+00 1.0000e-02 1.4180e-01
5.9971e+00 2.0204e-02 1.3215e-01
5.9971e+00 3.0408e-02 1.2319e-01
5.9971e+00 4.0612e-02 1.1492e-01
5.9971e+00 5.0816e-02 1.0736e-01
5.9971e+00 6.1020e-02 1.0050e-01
5.9971e+00 7.1224e-02 9.4347e-02
5.9971e+00 8.1429e-02 8.8919e-02
5.9971e+00 9.1633e-02 8.4217e-02
5.9971e+00 1.0184e-01 8.0249e-02
5.9971e+00 1.1204e-01 7.7020e-02
5.9971e+00 1.2224e-01 7.4538e-02
5.9971e+00 1.3245e-01 7.2809e-02
5.9971e+00 1.4265e-01 7.1840e-02
5.9971e+00 1.5286e-01 7.1638e-02
5.9971e+00 1.6306e-01 7.2208e-02
5.9971e+00 1.7327e-01 7.3558e-02
5.9971e+00 1.8347e-01 7.5695e-02
5.9971e+00 1.9367e-01 7.8624e-02
5.9971e+00 2.0388e-01 8.2354e-02
5.9971e+00 2.1408e-01 8.6889e-02
5.9971e+00 2.2429e-01 9.2238e-02
5.9971e+00 2.3449e-01 9.8406e-02
5.9971e+00 2.4469e-01 1.0540e-01
5.9971e+00 2.5490e-01 1.1323e-01
5.9971e+00 2.6510e-01 1.2189e-01
5.9971e+00 2.7531e-01 1.3141e-01
5.9971e+00 2.8551e-01 1.4177e-01
5.9971e+00 2.9571e-01 1.5300e-01
5.9971e+00 3.0592e-01 1.6509e-01
5.9971e+00 3.1612e-01 1.7805e-01
5.9971e+00 3.2633e-01 1.9190e-01
5.9971e+00 3.3653e-01 2.0663e-01
5.9971e+00 3.4673e-01 2.2225e-01
5.9971e+00 3.5694e-01 2.3877e-01
5.9971e+00 3.6714e-01 2.5620e-01
5.9971e+00 3.7735e-01 2.7454e-01
5.9971e+00 3.8755e-01 2.9380e-01
5.9971e+00 3.9776e-01 3.1398e-01
5.9971e+00 4.0796e-01 3.3510e-01
5.9971e+00 4.1816e-01 3.5716e-01
5.9971e+00 4.2837e-01 3.8016e-01
5.9971e+00 4.3857e-01 4.0411e-01
5.9971e+00 4.4878e-01 4.2903e-01
5.9971e+00 4.5898e-01 4.5491e-01
5.9971e+00 4.6918e-01 4.8176e-01
5.9971e+00 4.7939e-01 5.0959e-01
5.9971e+00 4.8959e-01 5.3841e-01
5.9971e+00 4.9980e-01 5.6822e-01
5.9971e+00 5.1000e-01 5.9903e-01
